# Id,Predicted
0, 0.25
1, 0.12
2, 0.38
3, 0.55
4, 0.93
5, 0.40
6, 0.43
7, 0.56
8, 0.58
9, 0.42
10, 0.38
11, 0.38
12, 0.58
13, 0.63
14, 0.90
15, 0.89
16, 0.85
17, 0.43
18, 0.65
19, 0.31
20, 0.34
21, 0.85
22, 0.58
23, 0.34
24, 0.38
25, 0.39
26, 0.66
27, 0.63
28, 0.65
29, 0.63
30, 0.34
31, 0.31
32, 0.46
33, 0.45
34, 0.47
35, 0.50
36, 0.34
37, 0.38
38, 0.33
39, 0.89
40, 0.41
41, 0.52
42, 0.42
43, 0.33
44, 0.62
45, 0.64
46, 0.64
47, 0.17
48, 0.58
49, 0.39
50, 0.20
51, 0.39
52, 0.36
53, 0.32
54, 0.24
55, 0.57
56, 0.61
57, 0.50
58, 0.19
59, 0.62
60, 0.66
61, 0.35
62, 0.41
63, 0.84
64, 0.66
65, 0.37
66, 0.51
67, 0.36
68, 0.38
69, 0.35
70, 0.44
71, 0.68
72, 0.85
73, 0.35
74, 0.16
75, 0.69
76, 0.66
77, 0.42
78, 0.31
79, 0.11
80, 0.41
81, 0.67
82, 0.34
83, 0.69
84, 0.43
85, 0.70
86, 0.36
87, 0.58
88, 0.60
89, 0.69
90, 0.34
91, 0.91
92, 0.39
93, 0.59
94, 0.67
95, 0.35
96, 0.43
97, 0.35
98, 0.68
99, 0.33
100, 0.40
101, 0.40
102, 0.37
103, 0.46
104, 0.42
105, 0.55
106, 0.33
107, 0.53
108, 0.56
109, 0.46
110, 0.37
111, 0.39
112, 0.25
113, 0.42
114, 0.60
115, 0.61
116, 0.41
117, 0.64
118, 0.16
119, 0.61
120, 0.13
121, 0.57
122, 0.34
123, 0.56
124, 0.61
125, 0.16
126, 0.43
127, 0.45
128, 0.68
129, 0.58
130, 0.38
131, 0.58
132, 0.41
133, 0.32
134, 0.37
135, 0.68
136, 0.45
137, 0.21
138, 0.36
139, 0.75
140, 0.63
141, 0.59
142, 0.44
143, 0.90
144, 0.69
145, 0.65
146, 0.33
147, 0.35
148, 0.39
149, 0.23
150, 0.23
151, 0.90
152, 0.40
153, 0.26
154, 0.60
155, 0.45
156, 0.19
157, 0.66
158, 0.41
159, 0.52
160, 0.40
161, 0.64
162, 0.71
163, 0.17
164, 0.61
165, 0.37
166, 0.39
167, 0.59
168, 0.91
169, 0.31
170, 0.57
171, 0.37
172, 0.48
173, 0.49
174, 0.54
175, 0.63
176, 0.46
177, 0.13
178, 0.65
179, 0.34
180, 0.33
181, 0.62
182, 0.61
183, 0.57
184, 0.24
185, 0.37
186, 0.39
187, 0.36
188, 0.73
189, 0.66
190, 0.75
191, 0.59
192, 0.65
193, 0.62
194, 0.30
195, 0.36
196, 0.60
197, 0.67
198, 0.40
199, 0.13
200, 0.58
201, 0.52
202, 0.55
203, 0.60
204, 0.55
205, 0.31
206, 0.38
207, 0.55
208, 0.85
209, 0.40
210, 0.54
211, 0.42
212, 0.53
213, 0.57
214, 0.54
215, 0.63
216, 0.44
217, 0.37
218, 0.34
219, 0.41
220, 0.40
221, 0.60
222, 0.50
223, 0.37
224, 0.36
225, 0.64
226, 0.55
227, 0.83
228, 0.67
229, 0.58
230, 0.14
231, 0.40
232, 0.59
233, 0.53
234, 0.19
235, 0.19
236, 0.60
237, 0.40
238, 0.66
239, 0.55
240, 0.56
241, 0.68
242, 0.38
243, 0.40
244, 0.64
245, 0.31
246, 0.46
247, 0.72
248, 0.35
249, 0.37
250, 0.90
251, 0.60
252, 0.64
253, 0.16
254, 0.56
255, 0.43
256, 0.41
257, 0.64
258, 0.64
259, 0.59
260, 0.10
261, 0.12
262, 0.39
263, 0.68
264, 0.38
265, 0.42
266, 0.33
267, 0.70
268, 0.61
269, 0.33
270, 0.40
271, 0.66
272, 0.62
273, 0.36
274, 0.52
275, 0.72
276, 0.62
277, 0.11
278, 0.57
279, 0.48
280, 0.70
281, 0.55
282, 0.94
283, 0.54
284, 0.44
285, 0.48
286, 0.43
287, 0.61
288, 0.89
289, 0.38
290, 0.41
291, 0.27
292, 0.89
293, 0.60
294, 0.38
295, 0.37
296, 0.45
297, 0.59
298, 0.41
299, 0.34
300, 0.63
301, 0.36
302, 0.53
303, 0.36
304, 0.33
305, 0.66
306, 0.35
307, 0.64
308, 0.65
309, 0.37
310, 0.42
311, 0.34
312, 0.92
313, 0.30
314, 0.40
315, 0.61
316, 0.63
317, 0.74
318, 0.30
319, 0.12
320, 0.50
321, 0.69
322, 0.42
323, 0.38
324, 0.51
325, 0.60
326, 0.69
327, 0.54
328, 0.55
329, 0.38
330, 0.18
331, 0.37
332, 0.40
333, 0.37
334, 0.91
335, 0.42
336, 0.54
337, 0.34
338, 0.40
339, 0.64
340, 0.37
341, 0.36
342, 0.51
343, 0.13
344, 0.92
345, 0.41
346, 0.41
347, 0.56
348, 0.37
349, 0.46
350, 0.57
351, 0.49
352, 0.69
353, 0.52
354, 0.33
355, 0.66
356, 0.37
357, 0.13
358, 0.60
359, 0.34
360, 0.33
361, 0.46
362, 0.39
363, 0.44
364, 0.64
365, 0.65
366, 0.66
367, 0.59
368, 0.38
369, 0.14
370, 0.29
371, 0.78
372, 0.66
373, 0.42
374, 0.57
375, 0.70
376, 0.34
377, 0.60
378, 0.62
379, 0.34
380, 0.37
381, 0.42
382, 0.40
383, 0.41
384, 0.41
385, 0.54
386, 0.13
387, 0.54
388, 0.36
389, 0.40
390, 0.64
391, 0.63
392, 0.45
393, 0.36
394, 0.39
395, 0.41
396, 0.70
397, 0.36
398, 0.36
399, 0.79
400, 0.41
401, 0.72
402, 0.39
403, 0.42
404, 0.26
405, 0.69
406, 0.41
407, 0.35
408, 0.60
409, 0.54
410, 0.39
411, 0.31
412, 0.60
413, 0.39
414, 0.37
415, 0.52
416, 0.33
417, 0.61
418, 0.37
419, 0.59
420, 0.44
421, 0.71
422, 0.57
423, 0.69
424, 0.93
425, 0.70
426, 0.35
427, 0.74
428, 0.92
429, 0.15
430, 0.62
431, 0.68
432, 0.43
433, 0.40
434, 0.66
435, 0.38
436, 0.59
437, 0.37
438, 0.39
439, 0.16
440, 0.86
441, 0.37
442, 0.50
443, 0.55
444, 0.42
445, 0.59
446, 0.68
447, 0.15
448, 0.60
449, 0.61
450, 0.37
451, 0.14
452, 0.74
453, 0.31
454, 0.27
455, 0.54
456, 0.32
457, 0.57
458, 0.43
459, 0.60
460, 0.65
461, 0.42
462, 0.43
463, 0.92
464, 0.85
465, 0.58
466, 0.63
467, 0.40
468, 0.63
469, 0.36
470, 0.33
471, 0.38
472, 0.24
473, 0.68
474, 0.87
475, 0.71
476, 0.70
477, 0.67
478, 0.39
479, 0.48
480, 0.56
481, 0.61
482, 0.69
483, 0.62
484, 0.41
485, 0.72
486, 0.26
487, 0.62
488, 0.34
489, 0.53
490, 0.47
491, 0.38
492, 0.30
493, 0.67
494, 0.53
495, 0.52
496, 0.49
497, 0.59
498, 0.43
499, 0.81
500, 0.81
501, 0.51
502, 0.43
503, 0.66
504, 0.43
505, 0.70
506, 0.39
507, 0.69
508, 0.64
509, 0.55
510, 0.41
511, 0.65
512, 0.36
513, 0.55
514, 0.38
515, 0.46
516, 0.24
517, 0.44
518, 0.48
519, 0.54
520, 0.40
521, 0.36
522, 0.19
523, 0.32
524, 0.40
525, 0.36
526, 0.33
527, 0.68
528, 0.39
529, 0.32
530, 0.61
531, 0.60
532, 0.55
533, 0.40
534, 0.54
535, 0.37
536, 0.31
537, 0.36
538, 0.68
539, 0.14
540, 0.91
541, 0.62
542, 0.40
543, 0.70
544, 0.57
545, 0.65
546, 0.67
547, 0.61
548, 0.30
549, 0.24
550, 0.51
551, 0.30
552, 0.69
553, 0.39
554, 0.64
555, 0.61
556, 0.40
557, 0.69
558, 0.47
559, 0.67
560, 0.36
561, 0.51
562, 0.72
563, 0.70
564, 0.58
565, 0.58
566, 0.57
567, 0.59
568, 0.41
569, 0.68
570, 0.45
571, 0.60
572, 0.45
573, 0.09
574, 0.62
575, 0.45
576, 0.75
577, 0.81
578, 0.38
579, 0.45
580, 0.36
581, 0.66
582, 0.30
583, 0.60
584, 0.52
585, 0.33
586, 0.13
587, 0.36
588, 0.39
589, 0.49
590, 0.59
591, 0.66
592, 0.41
593, 0.67
594, 0.58
595, 0.64
596, 0.57
597, 0.37
598, 0.48
599, 0.43
600, 0.44
601, 0.68
602, 0.45
603, 0.60
604, 0.80
605, 0.17
606, 0.23
607, 0.40
608, 0.70
609, 0.28
610, 0.67
611, 0.62
612, 0.53
613, 0.32
614, 0.40
615, 0.55
616, 0.31
617, 0.65
618, 0.55
619, 0.13
620, 0.37
621, 0.70
622, 0.59
623, 0.37
624, 0.27
625, 0.64
626, 0.52
627, 0.68
628, 0.36
629, 0.66
630, 0.36
631, 0.53
632, 0.40
633, 0.64
634, 0.61
635, 0.64
636, 0.69
637, 0.42
638, 0.52
639, 0.63
640, 0.30
641, 0.42
642, 0.64
643, 0.69
644, 0.51
645, 0.65
646, 0.23
647, 0.53
648, 0.90
649, 0.64
650, 0.49
651, 0.61
652, 0.72
653, 0.51
654, 0.89
655, 0.22
656, 0.47
657, 0.59
658, 0.34
659, 0.57
660, 0.67
661, 0.61
662, 0.63
663, 0.38
664, 0.56
665, 0.28
666, 0.55
667, 0.68
668, 0.41
669, 0.86
670, 0.42
671, 0.38
672, 0.93
673, 0.51
674, 0.37
675, 0.93
676, 0.18
677, 0.15
678, 0.39
679, 0.64
680, 0.69
681, 0.62
682, 0.64
683, 0.28
684, 0.40
685, 0.60
686, 0.37
687, 0.42
688, 0.21
689, 0.43
690, 0.67
691, 0.42
692, 0.62
693, 0.52
694, 0.52
695, 0.32
696, 0.39
697, 0.39
698, 0.29
699, 0.38
700, 0.62
701, 0.21
702, 0.36
703, 0.62
704, 0.22
705, 0.30
706, 0.52
707, 0.47
708, 0.29
709, 0.43
710, 0.93
711, 0.59
712, 0.37
713, 0.60
714, 0.64
715, 0.26
716, 0.18
717, 0.24
718, 0.56
719, 0.67
720, 0.14
721, 0.67
722, 0.37
723, 0.36
724, 0.47
725, 0.59
726, 0.61
727, 0.35
728, 0.57
729, 0.28
730, 0.52
731, 0.14
732, 0.57
733, 0.63
734, 0.40
735, 0.60
736, 0.40
737, 0.38
738, 0.41
739, 0.21
740, 0.40
741, 0.36
742, 0.31
743, 0.26
744, 0.88
745, 0.56
746, 0.49
747, 0.36
748, 0.14
749, 0.50
750, 0.62
751, 0.33
752, 0.39
753, 0.61
754, 0.62
755, 0.49
756, 0.34
757, 0.47
758, 0.36
759, 0.62
760, 0.38
761, 0.42
762, 0.30
763, 0.53
764, 0.25
765, 0.18
766, 0.68
767, 0.33
768, 0.42
769, 0.57
770, 0.47
771, 0.42
772, 0.35
773, 0.41
774, 0.38
775, 0.59
776, 0.46
777, 0.35
778, 0.75
779, 0.61
780, 0.62
781, 0.42
782, 0.46
783, 0.60
784, 0.41
785, 0.39
786, 0.29
787, 0.50
788, 0.91
789, 0.42
790, 0.17
791, 0.66
792, 0.39
793, 0.24
794, 0.60
795, 0.39
796, 0.14
797, 0.42
798, 0.39
799, 0.65
800, 0.39
801, 0.48
802, 0.37
803, 0.85
804, 0.55
805, 0.53
806, 0.55
807, 0.68
808, 0.14
809, 0.45
810, 0.31
811, 0.39
812, 0.85
813, 0.14
814, 0.57
815, 0.25
816, 0.85
817, 0.53
818, 0.45
819, 0.36
820, 0.41
821, 0.38
822, 0.85
823, 0.58
824, 0.24
825, 0.41
826, 0.67
827, 0.45
828, 0.64
829, 0.38
830, 0.42
831, 0.40
832, 0.34
833, 0.38
834, 0.39
835, 0.58
836, 0.44
837, 0.61
838, 0.41
839, 0.39
840, 0.15
841, 0.39
842, 0.32
843, 0.71
844, 0.58
845, 0.55
846, 0.43
847, 0.38
848, 0.50
849, 0.59
850, 0.13
851, 0.36
852, 0.13
853, 0.70
854, 0.62
855, 0.91
856, 0.30
857, 0.59
858, 0.34
859, 0.50
860, 0.44
861, 0.31
862, 0.45
863, 0.34
864, 0.66
865, 0.38
866, 0.35
867, 0.12
868, 0.32
869, 0.55
870, 0.14
871, 0.45
872, 0.88
873, 0.67
874, 0.14
875, 0.14
876, 0.57
877, 0.38
878, 0.52
879, 0.41
880, 0.67
881, 0.33
882, 0.54
883, 0.46
884, 0.52
885, 0.57
886, 0.67
887, 0.57
888, 0.67
889, 0.28
890, 0.57
891, 0.35
892, 0.50
893, 0.56
894, 0.69
895, 0.39
896, 0.59
897, 0.41
898, 0.32
899, 0.39
900, 0.62
901, 0.64
902, 0.67
903, 0.36
904, 0.91
905, 0.69
906, 0.59
907, 0.39
908, 0.42
909, 0.53
910, 0.61
911, 0.64
912, 0.24
913, 0.49
914, 0.48
915, 0.32
916, 0.43
917, 0.70
918, 0.65
919, 0.43
920, 0.34
921, 0.38
922, 0.67
923, 0.43
924, 0.39
925, 0.62
926, 0.31
927, 0.95
928, 0.13
929, 0.62
930, 0.62
931, 0.29
932, 0.49
933, 0.39
934, 0.36
935, 0.51
936, 0.63
937, 0.51
938, 0.38
939, 0.71
940, 0.37
941, 0.39
942, 0.32
943, 0.39
944, 0.59
945, 0.50
946, 0.63
947, 0.69
948, 0.41
949, 0.25
950, 0.41
951, 0.63
952, 0.51
953, 0.41
954, 0.52
955, 0.53
956, 0.35
957, 0.40
958, 0.35
959, 0.35
960, 0.26
961, 0.66
962, 0.40
963, 0.61
964, 0.64
965, 0.56
966, 0.57
967, 0.37
968, 0.56
969, 0.63
970, 0.51
971, 0.10
972, 0.40
973, 0.35
974, 0.39
975, 0.65
976, 0.41
977, 0.40
978, 0.59
979, 0.39
980, 0.35
981, 0.38
982, 0.62
983, 0.39
984, 0.61
985, 0.54
986, 0.51
987, 0.64
988, 0.40
989, 0.62
990, 0.14
991, 0.38
992, 0.50
993, 0.33
994, 0.38
995, 0.55
996, 0.61
997, 0.35
998, 0.25
999, 0.40
1000, 0.40
1001, 0.39
1002, 0.31
1003, 0.63
1004, 0.68
1005, 0.40
1006, 0.54
1007, 0.66
1008, 0.32
1009, 0.49
1010, 0.39
1011, 0.32
1012, 0.40
1013, 0.36
1014, 0.38
1015, 0.32
1016, 0.47
1017, 0.35
1018, 0.43
1019, 0.71
1020, 0.43
1021, 0.69
1022, 0.63
1023, 0.39
1024, 0.66
1025, 0.24
1026, 0.66
1027, 0.46
1028, 0.91
1029, 0.34
1030, 0.16
1031, 0.88
1032, 0.37
1033, 0.38
1034, 0.41
1035, 0.63
1036, 0.61
1037, 0.59
1038, 0.38
1039, 0.43
1040, 0.38
1041, 0.44
1042, 0.67
1043, 0.60
1044, 0.55
1045, 0.49
1046, 0.57
1047, 0.56
1048, 0.33
1049, 0.24
1050, 0.33
1051, 0.79
1052, 0.69
1053, 0.48
1054, 0.16
1055, 0.68
1056, 0.35
1057, 0.54
1058, 0.60
1059, 0.57
1060, 0.43
1061, 0.58
1062, 0.38
1063, 0.65
1064, 0.93
1065, 0.60
1066, 0.70
1067, 0.33
1068, 0.13
1069, 0.75
1070, 0.50
1071, 0.40
1072, 0.67
1073, 0.48
1074, 0.37
1075, 0.41
1076, 0.53
1077, 0.55
1078, 0.57
1079, 0.14
1080, 0.38
1081, 0.56
1082, 0.57
1083, 0.69
1084, 0.49
1085, 0.68
1086, 0.36
1087, 0.36
1088, 0.44
1089, 0.38
1090, 0.63
1091, 0.41
1092, 0.43
1093, 0.64
1094, 0.60
1095, 0.37
1096, 0.58
1097, 0.38
1098, 0.76
1099, 0.62
1100, 0.41
1101, 0.52
1102, 0.67
1103, 0.36
1104, 0.39
1105, 0.57
1106, 0.31
1107, 0.57
1108, 0.52
1109, 0.46
1110, 0.40
1111, 0.53
1112, 0.35
1113, 0.42
1114, 0.87
1115, 0.45
1116, 0.42
1117, 0.56
1118, 0.61
1119, 0.49
1120, 0.89
1121, 0.28
1122, 0.36
1123, 0.41
1124, 0.90
1125, 0.38
1126, 0.29
1127, 0.33
1128, 0.51
1129, 0.13
1130, 0.36
1131, 0.61
1132, 0.63
1133, 0.34
1134, 0.31
1135, 0.23
1136, 0.53
1137, 0.35
1138, 0.34
1139, 0.33
1140, 0.86
1141, 0.37
1142, 0.17
1143, 0.69
1144, 0.62
1145, 0.62
1146, 0.66
1147, 0.37
1148, 0.92
1149, 0.67
1150, 0.38
1151, 0.58
1152, 0.90
1153, 0.38
1154, 0.12
1155, 0.39
1156, 0.37
1157, 0.54
1158, 0.60
1159, 0.38
1160, 0.64
1161, 0.39
1162, 0.55
1163, 0.59
1164, 0.40
1165, 0.66
1166, 0.60
1167, 0.40
1168, 0.41
1169, 0.41
1170, 0.58
1171, 0.37
1172, 0.89
1173, 0.37
1174, 0.68
1175, 0.46
1176, 0.68
1177, 0.59
1178, 0.33
1179, 0.64
1180, 0.31
1181, 0.34
1182, 0.54
1183, 0.41
1184, 0.42
1185, 0.60
1186, 0.65
1187, 0.72
1188, 0.34
1189, 0.66
1190, 0.35
1191, 0.69
1192, 0.58
1193, 0.48
1194, 0.59
1195, 0.41
1196, 0.40
1197, 0.54
1198, 0.40
1199, 0.64
1200, 0.38
1201, 0.56
1202, 0.59
1203, 0.70
1204, 0.61
1205, 0.35
1206, 0.38
1207, 0.62
1208, 0.49
1209, 0.47
1210, 0.36
1211, 0.72
1212, 0.38
1213, 0.67
1214, 0.27
1215, 0.63
1216, 0.62
1217, 0.47
1218, 0.34
1219, 0.57
1220, 0.12
1221, 0.62
1222, 0.40
1223, 0.63
1224, 0.46
1225, 0.32
1226, 0.36
1227, 0.10
1228, 0.68
1229, 0.64
1230, 0.47
1231, 0.66
1232, 0.54
1233, 0.12
1234, 0.65
1235, 0.60
1236, 0.40
1237, 0.59
1238, 0.40
1239, 0.12
1240, 0.35
1241, 0.14
1242, 0.64
1243, 0.71
1244, 0.31
1245, 0.63
1246, 0.32
1247, 0.09
1248, 0.44
1249, 0.37
1250, 0.62
1251, 0.66
1252, 0.46
1253, 0.42
1254, 0.32
1255, 0.63
1256, 0.69
1257, 0.88
1258, 0.68
1259, 0.60
1260, 0.49
1261, 0.63
1262, 0.40
1263, 0.32
1264, 0.40
1265, 0.65
1266, 0.62
1267, 0.33
1268, 0.43
1269, 0.32
1270, 0.13
1271, 0.32
1272, 0.68
1273, 0.94
1274, 0.36
1275, 0.31
1276, 0.35
1277, 0.30
1278, 0.37
1279, 0.67
1280, 0.29
1281, 0.59
1282, 0.38
1283, 0.39
1284, 0.45
1285, 0.64
1286, 0.62
1287, 0.55
1288, 0.41
1289, 0.37
1290, 0.42
1291, 0.93
1292, 0.28
1293, 0.68
1294, 0.41
1295, 0.42
1296, 0.58
1297, 0.69
1298, 0.52
1299, 0.41
1300, 0.32
1301, 0.48
1302, 0.38
1303, 0.65
1304, 0.24
1305, 0.71
1306, 0.66
1307, 0.41
1308, 0.58
1309, 0.48
1310, 0.55
1311, 0.33
1312, 0.08
1313, 0.33
1314, 0.14
1315, 0.93
1316, 0.51
1317, 0.13
1318, 0.63
1319, 0.66
1320, 0.60
1321, 0.57
1322, 0.42
1323, 0.41
1324, 0.32
1325, 0.65
1326, 0.59
1327, 0.57
1328, 0.84
1329, 0.49
1330, 0.57
1331, 0.61
1332, 0.86
1333, 0.30
1334, 0.46
1335, 0.45
1336, 0.58
1337, 0.52
1338, 0.68
1339, 0.91
1340, 0.38
1341, 0.13
1342, 0.31
1343, 0.33
1344, 0.41
1345, 0.67
1346, 0.26
1347, 0.55
1348, 0.43
1349, 0.57
1350, 0.61
1351, 0.22
1352, 0.10
1353, 0.32
1354, 0.47
1355, 0.37
1356, 0.21
1357, 0.33
1358, 0.52
1359, 0.54
1360, 0.31
1361, 0.58
1362, 0.67
1363, 0.60
1364, 0.35
1365, 0.60
1366, 0.37
1367, 0.92
1368, 0.68
1369, 0.62
1370, 0.85
1371, 0.50
1372, 0.62
1373, 0.20
1374, 0.42
1375, 0.67
1376, 0.58
1377, 0.35
1378, 0.65
1379, 0.39
1380, 0.59
1381, 0.61
1382, 0.45
1383, 0.30
1384, 0.42
1385, 0.68
1386, 0.43
1387, 0.30
1388, 0.36
1389, 0.36
1390, 0.36
1391, 0.44
1392, 0.39
1393, 0.41
1394, 0.94
1395, 0.38
1396, 0.66
1397, 0.13
1398, 0.61
1399, 0.65
1400, 0.55
1401, 0.58
1402, 0.37
1403, 0.19
1404, 0.18
1405, 0.14
1406, 0.61
1407, 0.77
1408, 0.39
1409, 0.43
1410, 0.67
1411, 0.36
1412, 0.70
1413, 0.65
1414, 0.64
1415, 0.37
1416, 0.31
1417, 0.62
1418, 0.55
1419, 0.60
1420, 0.62
1421, 0.25
1422, 0.65
1423, 0.55
1424, 0.57
1425, 0.42
1426, 0.39
1427, 0.38
1428, 0.63
1429, 0.41
1430, 0.62
1431, 0.61
1432, 0.43
1433, 0.65
1434, 0.46
1435, 0.12
1436, 0.63
1437, 0.38
1438, 0.10
1439, 0.71
1440, 0.57
1441, 0.62
1442, 0.36
1443, 0.33
1444, 0.67
1445, 0.24
1446, 0.38
1447, 0.41
1448, 0.10
1449, 0.22
1450, 0.40
1451, 0.47
1452, 0.57
1453, 0.86
1454, 0.21
1455, 0.37
1456, 0.60
1457, 0.34
1458, 0.39
1459, 0.34
1460, 0.56
1461, 0.46
1462, 0.62
1463, 0.14
1464, 0.74
1465, 0.13
1466, 0.37
1467, 0.44
1468, 0.71
1469, 0.42
1470, 0.61
1471, 0.61
1472, 0.39
1473, 0.14
1474, 0.32
1475, 0.88
1476, 0.57
1477, 0.56
1478, 0.42
1479, 0.59
1480, 0.48
1481, 0.39
1482, 0.57
1483, 0.50
1484, 0.63
1485, 0.36
1486, 0.69
1487, 0.69
1488, 0.38
1489, 0.66
1490, 0.12
1491, 0.37
1492, 0.45
1493, 0.34
1494, 0.45
1495, 0.66
1496, 0.55
1497, 0.77
1498, 0.42
1499, 0.32
1500, 0.60
1501, 0.62
1502, 0.53
1503, 0.67
1504, 0.33
1505, 0.85
1506, 0.63
1507, 0.67
1508, 0.42
1509, 0.56
1510, 0.44
1511, 0.62
1512, 0.26
1513, 0.52
1514, 0.14
1515, 0.35
1516, 0.63
1517, 0.35
1518, 0.43
1519, 0.13
1520, 0.16
1521, 0.38
1522, 0.31
1523, 0.11
1524, 0.62
1525, 0.45
1526, 0.17
1527, 0.11
1528, 0.71
1529, 0.74
1530, 0.55
1531, 0.91
1532, 0.30
1533, 0.50
1534, 0.44
1535, 0.73
1536, 0.33
1537, 0.52
1538, 0.67
1539, 0.62
1540, 0.55
1541, 0.68
1542, 0.41
1543, 0.24
1544, 0.39
1545, 0.75
1546, 0.44
1547, 0.41
1548, 0.42
1549, 0.48
1550, 0.50
1551, 0.54
1552, 0.40
1553, 0.52
1554, 0.31
1555, 0.38
1556, 0.26
1557, 0.92
1558, 0.58
1559, 0.65
1560, 0.93
1561, 0.65
1562, 0.18
1563, 0.37
1564, 0.87
1565, 0.62
1566, 0.63
1567, 0.68
1568, 0.60
1569, 0.69
1570, 0.62
1571, 0.62
1572, 0.92
1573, 0.10
1574, 0.14
1575, 0.26
1576, 0.87
1577, 0.66
1578, 0.67
1579, 0.33
1580, 0.26
1581, 0.54
1582, 0.29
1583, 0.45
1584, 0.41
1585, 0.42
1586, 0.15
1587, 0.37
1588, 0.65
1589, 0.85
1590, 0.34
1591, 0.90
1592, 0.41
1593, 0.35
1594, 0.59
1595, 0.51
1596, 0.43
1597, 0.43
1598, 0.44
1599, 0.44
1600, 0.14
1601, 0.35
1602, 0.44
1603, 0.37
1604, 0.60
1605, 0.39
1606, 0.42
1607, 0.64
1608, 0.31
1609, 0.61
1610, 0.41
1611, 0.35
1612, 0.56
1613, 0.37
1614, 0.61
1615, 0.69
1616, 0.39
1617, 0.60
1618, 0.54
1619, 0.34
1620, 0.70
1621, 0.61
1622, 0.88
1623, 0.39
1624, 0.47
1625, 0.42
1626, 0.31
1627, 0.47
1628, 0.73
1629, 0.35
1630, 0.46
1631, 0.40
1632, 0.57
1633, 0.25
1634, 0.39
1635, 0.59
1636, 0.63
1637, 0.72
1638, 0.42
1639, 0.36
1640, 0.37
1641, 0.37
1642, 0.67
1643, 0.73
1644, 0.36
1645, 0.56
1646, 0.36
1647, 0.88
1648, 0.49
1649, 0.12
1650, 0.60
1651, 0.58
1652, 0.14
1653, 0.69
1654, 0.15
1655, 0.43
1656, 0.47
1657, 0.29
1658, 0.37
1659, 0.67
1660, 0.66
1661, 0.09
1662, 0.37
1663, 0.42
1664, 0.62
1665, 0.87
1666, 0.34
1667, 0.67
1668, 0.08
1669, 0.41
1670, 0.63
1671, 0.91
1672, 0.53
1673, 0.41
1674, 0.36
1675, 0.36
1676, 0.34
1677, 0.47
1678, 0.41
1679, 0.87
1680, 0.41
1681, 0.67
1682, 0.90
1683, 0.51
1684, 0.32
1685, 0.77
1686, 0.75
1687, 0.42
1688, 0.14
1689, 0.62
1690, 0.41
1691, 0.44
1692, 0.35
1693, 0.12
1694, 0.40
1695, 0.63
1696, 0.60
1697, 0.66
1698, 0.52
1699, 0.62
1700, 0.31
1701, 0.69
1702, 0.69
1703, 0.67
1704, 0.55
1705, 0.34
1706, 0.93
1707, 0.32
1708, 0.36
1709, 0.37
1710, 0.15
1711, 0.70
1712, 0.38
1713, 0.70
1714, 0.59
1715, 0.65
1716, 0.44
1717, 0.43
1718, 0.42
1719, 0.36
1720, 0.60
1721, 0.55
1722, 0.58
1723, 0.29
1724, 0.38
1725, 0.41
1726, 0.87
1727, 0.61
1728, 0.62
1729, 0.89
1730, 0.27
1731, 0.28
1732, 0.43
1733, 0.44
1734, 0.38
1735, 0.39
1736, 0.39
1737, 0.16
1738, 0.91
1739, 0.54
1740, 0.91
1741, 0.41
1742, 0.36
1743, 0.21
1744, 0.27
1745, 0.31
1746, 0.56
1747, 0.66
1748, 0.59
1749, 0.36
1750, 0.43
1751, 0.52
1752, 0.58
1753, 0.51
1754, 0.87
1755, 0.47
1756, 0.51
1757, 0.88
1758, 0.61
1759, 0.54
1760, 0.38
1761, 0.46
1762, 0.56
1763, 0.41
1764, 0.43
1765, 0.47
1766, 0.40
1767, 0.68
1768, 0.28
1769, 0.39
1770, 0.55
1771, 0.36
1772, 0.39
1773, 0.37
1774, 0.38
1775, 0.40
1776, 0.55
1777, 0.34
1778, 0.65
1779, 0.26
1780, 0.68
1781, 0.59
1782, 0.31
1783, 0.33
1784, 0.51
1785, 0.38
1786, 0.62
1787, 0.62
1788, 0.43
1789, 0.37
1790, 0.70
1791, 0.12
1792, 0.62
1793, 0.41
1794, 0.58
1795, 0.35
1796, 0.50
1797, 0.68
1798, 0.41
1799, 0.35
1800, 0.66
1801, 0.41
1802, 0.40
1803, 0.60
1804, 0.25
1805, 0.36
1806, 0.69
1807, 0.70
1808, 0.64
1809, 0.39
1810, 0.45
1811, 0.60
1812, 0.42
1813, 0.50
1814, 0.40
1815, 0.65
1816, 0.22
1817, 0.62
1818, 0.42
1819, 0.60
1820, 0.59
1821, 0.62
1822, 0.37
1823, 0.35
1824, 0.33
1825, 0.62
1826, 0.37
1827, 0.32
1828, 0.16
1829, 0.41
1830, 0.33
1831, 0.39
1832, 0.54
1833, 0.92
1834, 0.32
1835, 0.44
1836, 0.48
1837, 0.58
1838, 0.33
1839, 0.42
1840, 0.30
1841, 0.52
1842, 0.53
1843, 0.36
1844, 0.33
1845, 0.58
1846, 0.60
1847, 0.17
1848, 0.61
1849, 0.50
1850, 0.38
1851, 0.42
1852, 0.61
1853, 0.67
1854, 0.42
1855, 0.35
1856, 0.47
1857, 0.47
1858, 0.52
1859, 0.34
1860, 0.13
1861, 0.38
1862, 0.62
1863, 0.41
1864, 0.55
1865, 0.64
1866, 0.64
1867, 0.66
1868, 0.27
1869, 0.38
1870, 0.18
1871, 0.34
1872, 0.37
1873, 0.69
1874, 0.54
1875, 0.48
1876, 0.66
1877, 0.65
1878, 0.60
1879, 0.43
1880, 0.92
1881, 0.65
1882, 0.48
1883, 0.41
1884, 0.43
1885, 0.11
1886, 0.58
1887, 0.39
1888, 0.54
1889, 0.42
1890, 0.40
1891, 0.37
1892, 0.69
1893, 0.43
1894, 0.38
1895, 0.42
1896, 0.33
1897, 0.40
1898, 0.28
1899, 0.82
1900, 0.57
1901, 0.34
1902, 0.90
1903, 0.65
1904, 0.35
1905, 0.45
1906, 0.62
1907, 0.68
1908, 0.39
1909, 0.45
1910, 0.55
1911, 0.31
1912, 0.88
1913, 0.40
1914, 0.58
1915, 0.25
1916, 0.38
1917, 0.69
1918, 0.51
1919, 0.91
1920, 0.27
1921, 0.68
1922, 0.73
1923, 0.56
1924, 0.69
1925, 0.48
1926, 0.36
1927, 0.38
1928, 0.35
1929, 0.57
1930, 0.38
1931, 0.25
1932, 0.38
1933, 0.41
1934, 0.64
1935, 0.57
1936, 0.54
1937, 0.46
1938, 0.64
1939, 0.37
1940, 0.43
1941, 0.39
1942, 0.39
1943, 0.46
1944, 0.69
1945, 0.31
1946, 0.48
1947, 0.40
1948, 0.56
1949, 0.87
1950, 0.53
1951, 0.42
1952, 0.42
1953, 0.77
1954, 0.58
1955, 0.40
1956, 0.45
1957, 0.65
1958, 0.58
1959, 0.64
1960, 0.26
1961, 0.91
1962, 0.52
1963, 0.45
1964, 0.71
1965, 0.61
1966, 0.25
1967, 0.42
1968, 0.13
1969, 0.62
1970, 0.92
1971, 0.42
1972, 0.67
1973, 0.37
1974, 0.65
1975, 0.39
1976, 0.55
1977, 0.65
1978, 0.34
1979, 0.69
1980, 0.59
1981, 0.41
1982, 0.60
1983, 0.30
1984, 0.65
1985, 0.60
1986, 0.92
1987, 0.33
1988, 0.38
1989, 0.43
1990, 0.65
1991, 0.34
1992, 0.52
1993, 0.39
1994, 0.45
1995, 0.41
1996, 0.42
1997, 0.57
1998, 0.68
1999, 0.54
2000, 0.64
2001, 0.33
2002, 0.35
2003, 0.56
2004, 0.92
2005, 0.87
2006, 0.69
2007, 0.80
2008, 0.34
2009, 0.40
2010, 0.68
2011, 0.63
2012, 0.34
2013, 0.35
2014, 0.43
2015, 0.78
2016, 0.45
2017, 0.26
2018, 0.64
2019, 0.36
2020, 0.25
2021, 0.61
2022, 0.28
2023, 0.41
2024, 0.35
2025, 0.56
2026, 0.39
2027, 0.92
2028, 0.41
2029, 0.93
2030, 0.38
2031, 0.41
2032, 0.27
2033, 0.48
2034, 0.57
2035, 0.69
2036, 0.37
2037, 0.49
2038, 0.39
2039, 0.56
2040, 0.38
2041, 0.24
2042, 0.66
2043, 0.35
2044, 0.53
2045, 0.60
2046, 0.53
2047, 0.19
2048, 0.37
2049, 0.64
2050, 0.21
2051, 0.43
2052, 0.39
2053, 0.70
2054, 0.55
2055, 0.34
2056, 0.60
2057, 0.59
2058, 0.24
2059, 0.69
2060, 0.34
2061, 0.64
2062, 0.25
2063, 0.60
2064, 0.33
2065, 0.70
2066, 0.49
2067, 0.48
2068, 0.29
2069, 0.13
2070, 0.60
2071, 0.58
2072, 0.40
2073, 0.62
2074, 0.28
2075, 0.64
2076, 0.39
2077, 0.34
2078, 0.41
2079, 0.31
2080, 0.69
2081, 0.90
2082, 0.37
2083, 0.29
2084, 0.45
2085, 0.56
2086, 0.56
2087, 0.69
2088, 0.59
2089, 0.64
2090, 0.37
2091, 0.62
2092, 0.52
2093, 0.38
2094, 0.27
2095, 0.28
2096, 0.28
2097, 0.42
2098, 0.13
2099, 0.32
2100, 0.27
2101, 0.31
2102, 0.51
2103, 0.40
2104, 0.37
2105, 0.62
2106, 0.75
2107, 0.68
2108, 0.27
2109, 0.50
2110, 0.40
2111, 0.43
2112, 0.20
2113, 0.55
2114, 0.36
2115, 0.65
2116, 0.40
2117, 0.45
2118, 0.37
2119, 0.38
2120, 0.65
2121, 0.28
2122, 0.35
2123, 0.54
2124, 0.45
2125, 0.40
2126, 0.42
2127, 0.42
2128, 0.39
2129, 0.63
2130, 0.44
2131, 0.56
2132, 0.55
2133, 0.68
2134, 0.68
2135, 0.49
2136, 0.35
2137, 0.90
2138, 0.42
2139, 0.60
2140, 0.33
2141, 0.69
2142, 0.35
2143, 0.80
2144, 0.60
2145, 0.44
2146, 0.39
2147, 0.42
2148, 0.73
2149, 0.43
2150, 0.13
2151, 0.68
2152, 0.39
2153, 0.60
2154, 0.79
2155, 0.67
2156, 0.53
2157, 0.62
2158, 0.61
2159, 0.68
2160, 0.66
2161, 0.77
2162, 0.36
2163, 0.08
2164, 0.59
2165, 0.57
2166, 0.73
2167, 0.42
2168, 0.88
2169, 0.43
2170, 0.64
2171, 0.35
2172, 0.53
2173, 0.43
2174, 0.15
2175, 0.64
2176, 0.37
2177, 0.42
2178, 0.58
2179, 0.64
2180, 0.65
2181, 0.37
2182, 0.69
2183, 0.65
2184, 0.37
2185, 0.61
2186, 0.42
2187, 0.52
2188, 0.40
2189, 0.55
2190, 0.35
2191, 0.11
2192, 0.27
2193, 0.93
2194, 0.51
2195, 0.65
2196, 0.57
2197, 0.16
2198, 0.34
2199, 0.28
2200, 0.57
2201, 0.43
2202, 0.68
2203, 0.62
2204, 0.74
2205, 0.25
2206, 0.37
2207, 0.51
2208, 0.40
2209, 0.47
2210, 0.93
2211, 0.17
2212, 0.48
2213, 0.36
2214, 0.13
2215, 0.32
2216, 0.39
2217, 0.92
2218, 0.34
2219, 0.42
2220, 0.40
2221, 0.43
2222, 0.37
2223, 0.38
2224, 0.39
2225, 0.68
2226, 0.47
2227, 0.36
2228, 0.51
2229, 0.32
2230, 0.33
2231, 0.65
2232, 0.87
2233, 0.37
2234, 0.64
2235, 0.67
2236, 0.27
2237, 0.35
2238, 0.58
2239, 0.25
2240, 0.45
2241, 0.35
2242, 0.42
2243, 0.66
2244, 0.35
2245, 0.65
2246, 0.39
2247, 0.28
2248, 0.48
2249, 0.16
2250, 0.64
2251, 0.37
2252, 0.61
2253, 0.33
2254, 0.14
2255, 0.88
2256, 0.39
2257, 0.62
2258, 0.53
2259, 0.14
2260, 0.84
2261, 0.67
2262, 0.47
2263, 0.28
2264, 0.43
2265, 0.21
2266, 0.40
2267, 0.17
2268, 0.68
2269, 0.76
2270, 0.16
2271, 0.40
2272, 0.42
2273, 0.29
2274, 0.40
2275, 0.61
2276, 0.34
2277, 0.55
2278, 0.34
2279, 0.35
2280, 0.47
2281, 0.42
2282, 0.60
2283, 0.36
2284, 0.43
2285, 0.69
2286, 0.62
2287, 0.15
2288, 0.61
2289, 0.47
2290, 0.68
2291, 0.33
2292, 0.69
2293, 0.69
2294, 0.67
2295, 0.67
2296, 0.80
2297, 0.66
2298, 0.36
2299, 0.39
2300, 0.90
2301, 0.28
2302, 0.37
2303, 0.53
2304, 0.64
2305, 0.38
2306, 0.48
2307, 0.46
2308, 0.67
2309, 0.71
2310, 0.57
2311, 0.42
2312, 0.61
2313, 0.52
2314, 0.32
2315, 0.38
2316, 0.31
2317, 0.82
2318, 0.49
2319, 0.29
2320, 0.37
2321, 0.66
2322, 0.27
2323, 0.23
2324, 0.57
2325, 0.33
2326, 0.21
2327, 0.28
2328, 0.27
2329, 0.33
2330, 0.58
2331, 0.57
2332, 0.59
2333, 0.64
2334, 0.52
2335, 0.53
2336, 0.66
2337, 0.39
2338, 0.42
2339, 0.44
2340, 0.31
2341, 0.40
2342, 0.40
2343, 0.89
2344, 0.58
2345, 0.55
2346, 0.69
2347, 0.42
2348, 0.24
2349, 0.36
2350, 0.53
2351, 0.67
2352, 0.38
2353, 0.39
2354, 0.51
2355, 0.63
2356, 0.41
2357, 0.64
2358, 0.28
2359, 0.43
2360, 0.57
2361, 0.69
2362, 0.39
2363, 0.69
2364, 0.66
2365, 0.76
2366, 0.62
2367, 0.38
2368, 0.64
2369, 0.54
2370, 0.63
2371, 0.36
2372, 0.34
2373, 0.59
2374, 0.28
2375, 0.41
2376, 0.64
2377, 0.60
2378, 0.40
2379, 0.62
2380, 0.58
2381, 0.13
2382, 0.34
2383, 0.56
2384, 0.59
2385, 0.83
2386, 0.55
2387, 0.93
2388, 0.56
2389, 0.62
2390, 0.59
2391, 0.34
2392, 0.65
2393, 0.28
2394, 0.35
2395, 0.41
2396, 0.24
2397, 0.38
2398, 0.66
2399, 0.47
2400, 0.61
2401, 0.52
2402, 0.32
2403, 0.49
2404, 0.57
2405, 0.65
2406, 0.34
2407, 0.14
2408, 0.68
2409, 0.38
2410, 0.43
2411, 0.37
2412, 0.59
2413, 0.40
2414, 0.35
2415, 0.52
2416, 0.38
2417, 0.47
2418, 0.43
2419, 0.68
2420, 0.37
2421, 0.94
2422, 0.46
2423, 0.64
2424, 0.69
2425, 0.38
2426, 0.51
2427, 0.38
2428, 0.38
2429, 0.63
2430, 0.31
2431, 0.63
2432, 0.67
2433, 0.91
2434, 0.62
2435, 0.56
2436, 0.13
2437, 0.37
2438, 0.53
2439, 0.29
2440, 0.27
2441, 0.38
2442, 0.42
2443, 0.34
2444, 0.22
2445, 0.51
2446, 0.12
2447, 0.31
2448, 0.41
2449, 0.48
2450, 0.37
2451, 0.54
2452, 0.60
2453, 0.38
2454, 0.50
2455, 0.66
2456, 0.61
2457, 0.43
2458, 0.59
2459, 0.55
2460, 0.85
2461, 0.67
2462, 0.57
2463, 0.58
2464, 0.58
2465, 0.60
2466, 0.21
2467, 0.57
2468, 0.39
2469, 0.10
2470, 0.35
2471, 0.56
2472, 0.36
2473, 0.35
2474, 0.35
2475, 0.46
2476, 0.48
2477, 0.36
2478, 0.49
2479, 0.69
2480, 0.45
2481, 0.34
2482, 0.65
2483, 0.57
2484, 0.69
2485, 0.14
2486, 0.44
2487, 0.68
2488, 0.45
2489, 0.67
2490, 0.38
2491, 0.64
2492, 0.58
2493, 0.62
2494, 0.42
2495, 0.56
2496, 0.58
2497, 0.34
2498, 0.91
2499, 0.25
2500, 0.40
2501, 0.28
2502, 0.16
2503, 0.43
2504, 0.56
2505, 0.47
2506, 0.43
2507, 0.34
2508, 0.39
2509, 0.40
2510, 0.39
2511, 0.35
2512, 0.58
2513, 0.68
2514, 0.69
2515, 0.46
2516, 0.68
2517, 0.41
2518, 0.62
2519, 0.44
2520, 0.61
2521, 0.50
2522, 0.37
2523, 0.63
2524, 0.56
2525, 0.67
2526, 0.39
2527, 0.67
2528, 0.65
2529, 0.45
2530, 0.70
2531, 0.42
2532, 0.64
2533, 0.57
2534, 0.30
2535, 0.35
2536, 0.61
2537, 0.69
2538, 0.66
2539, 0.36
2540, 0.59
2541, 0.68
2542, 0.37
2543, 0.57
2544, 0.61
2545, 0.45
2546, 0.35
2547, 0.66
2548, 0.44
2549, 0.54
2550, 0.92
2551, 0.60
2552, 0.46
2553, 0.90
2554, 0.58
2555, 0.57
2556, 0.47
2557, 0.58
2558, 0.59
2559, 0.55
2560, 0.65
2561, 0.09
2562, 0.88
2563, 0.90
2564, 0.47
2565, 0.37
2566, 0.35
2567, 0.66
2568, 0.40
2569, 0.62
2570, 0.34
2571, 0.39
2572, 0.63
2573, 0.90
2574, 0.56
2575, 0.56
2576, 0.47
2577, 0.38
2578, 0.42
2579, 0.36
2580, 0.34
2581, 0.40
2582, 0.63
2583, 0.67
2584, 0.56
2585, 0.58
2586, 0.40
2587, 0.41
2588, 0.38
2589, 0.61
2590, 0.28
2591, 0.36
2592, 0.33
2593, 0.61
2594, 0.38
2595, 0.48
2596, 0.47
2597, 0.38
2598, 0.25
2599, 0.22
2600, 0.43
2601, 0.31
2602, 0.60
2603, 0.41
2604, 0.52
2605, 0.59
2606, 0.87
2607, 0.36
2608, 0.40
2609, 0.38
2610, 0.41
2611, 0.24
2612, 0.60
2613, 0.68
2614, 0.20
2615, 0.70
2616, 0.40
2617, 0.66
2618, 0.38
2619, 0.12
2620, 0.66
2621, 0.34
2622, 0.90
2623, 0.32
2624, 0.53
2625, 0.61
2626, 0.63
2627, 0.64
2628, 0.52
2629, 0.62
2630, 0.36
2631, 0.37
2632, 0.65
2633, 0.65
2634, 0.62
2635, 0.49
2636, 0.59
2637, 0.37
2638, 0.19
2639, 0.36
2640, 0.45
2641, 0.41
2642, 0.40
2643, 0.44
2644, 0.58
2645, 0.42
2646, 0.47
2647, 0.59
2648, 0.38
2649, 0.41
2650, 0.37
2651, 0.26
2652, 0.42
2653, 0.35
2654, 0.80
2655, 0.43
2656, 0.69
2657, 0.69
2658, 0.48
2659, 0.51
2660, 0.41
2661, 0.66
2662, 0.69
2663, 0.66
2664, 0.55
2665, 0.70
2666, 0.41
2667, 0.46
2668, 0.46
2669, 0.34
2670, 0.40
2671, 0.70
2672, 0.54
2673, 0.62
2674, 0.61
2675, 0.37
2676, 0.48
2677, 0.33
2678, 0.89
2679, 0.61
2680, 0.36
2681, 0.63
2682, 0.50
2683, 0.62
2684, 0.36
2685, 0.26
2686, 0.53
2687, 0.72
2688, 0.50
2689, 0.65
2690, 0.50
2691, 0.38
2692, 0.65
2693, 0.15
2694, 0.31
2695, 0.53
2696, 0.54
2697, 0.59
2698, 0.40
2699, 0.45
2700, 0.59
2701, 0.26
2702, 0.61
2703, 0.39
2704, 0.27
2705, 0.63
2706, 0.90
2707, 0.30
2708, 0.76
2709, 0.51
2710, 0.51
2711, 0.33
2712, 0.88
2713, 0.42
2714, 0.60
2715, 0.40
2716, 0.51
2717, 0.11
2718, 0.45
2719, 0.39
2720, 0.41
2721, 0.64
2722, 0.37
2723, 0.43
2724, 0.67
2725, 0.15
2726, 0.39
2727, 0.44
2728, 0.34
2729, 0.32
2730, 0.39
2731, 0.39
2732, 0.51
2733, 0.18
2734, 0.30
2735, 0.37
2736, 0.41
2737, 0.57
2738, 0.64
2739, 0.37
2740, 0.57
2741, 0.59
2742, 0.78
2743, 0.90
2744, 0.37
2745, 0.45
2746, 0.29
2747, 0.49
2748, 0.47
2749, 0.54
2750, 0.42
2751, 0.60
2752, 0.40
2753, 0.53
2754, 0.60
2755, 0.68
2756, 0.15
2757, 0.34
2758, 0.94
2759, 0.64
2760, 0.36
2761, 0.38
2762, 0.64
2763, 0.55
2764, 0.40
2765, 0.68
2766, 0.39
2767, 0.69
2768, 0.60
2769, 0.57
2770, 0.34
2771, 0.32
2772, 0.29
2773, 0.37
2774, 0.67
2775, 0.15
2776, 0.84
2777, 0.91
2778, 0.37
2779, 0.16
2780, 0.59
2781, 0.50
2782, 0.17
2783, 0.41
2784, 0.61
2785, 0.33
2786, 0.91
2787, 0.73
2788, 0.16
2789, 0.61
2790, 0.36
2791, 0.42
2792, 0.91
2793, 0.36
2794, 0.59
2795, 0.64
2796, 0.57
2797, 0.35
2798, 0.70
2799, 0.61
2800, 0.38
2801, 0.38
2802, 0.54
2803, 0.42
2804, 0.38
2805, 0.30
2806, 0.39
2807, 0.35
2808, 0.40
2809, 0.63
2810, 0.58
2811, 0.42
2812, 0.33
2813, 0.54
2814, 0.41
2815, 0.37
2816, 0.37
2817, 0.36
2818, 0.28
2819, 0.58
2820, 0.93
2821, 0.40
2822, 0.66
2823, 0.33
2824, 0.70
2825, 0.14
2826, 0.68
2827, 0.60
2828, 0.32
2829, 0.58
2830, 0.62
2831, 0.69
2832, 0.58
2833, 0.34
2834, 0.70
2835, 0.43
2836, 0.54
2837, 0.85
2838, 0.38
2839, 0.34
2840, 0.66
2841, 0.29
2842, 0.60
2843, 0.45
2844, 0.23
2845, 0.32
2846, 0.36
2847, 0.68
2848, 0.41
2849, 0.47
2850, 0.42
2851, 0.40
2852, 0.34
2853, 0.74
2854, 0.65
2855, 0.65
2856, 0.41
2857, 0.88
2858, 0.60
2859, 0.62
2860, 0.36
2861, 0.54
2862, 0.40
2863, 0.43
2864, 0.45
2865, 0.69
2866, 0.35
2867, 0.57
2868, 0.64
2869, 0.68
2870, 0.32
2871, 0.08
2872, 0.56
2873, 0.38
2874, 0.34
2875, 0.64
2876, 0.35
2877, 0.28
2878, 0.73
2879, 0.69
2880, 0.90
2881, 0.41
2882, 0.70
2883, 0.85
2884, 0.63
2885, 0.60
2886, 0.39
2887, 0.43
2888, 0.60
2889, 0.45
2890, 0.40
2891, 0.45
2892, 0.38
2893, 0.67
2894, 0.30
2895, 0.67
2896, 0.63
2897, 0.38
2898, 0.92
2899, 0.44
2900, 0.60
2901, 0.55
2902, 0.69
2903, 0.69
2904, 0.12
2905, 0.58
2906, 0.62
2907, 0.44
2908, 0.71
2909, 0.13
2910, 0.69
2911, 0.40
2912, 0.23
2913, 0.61
2914, 0.51
2915, 0.84
2916, 0.37
2917, 0.16
2918, 0.74
2919, 0.57
2920, 0.51
2921, 0.69
2922, 0.38
2923, 0.60
2924, 0.64
2925, 0.60
2926, 0.30
2927, 0.42
2928, 0.38
2929, 0.38
2930, 0.32
2931, 0.36
2932, 0.38
2933, 0.39
2934, 0.37
2935, 0.65
2936, 0.65
2937, 0.32
2938, 0.81
2939, 0.09
2940, 0.45
2941, 0.54
2942, 0.64
2943, 0.71
2944, 0.37
2945, 0.10
2946, 0.44
2947, 0.40
2948, 0.69
2949, 0.90
2950, 0.10
2951, 0.37
2952, 0.70
2953, 0.37
2954, 0.68
2955, 0.56
2956, 0.37
2957, 0.63
2958, 0.24
2959, 0.27
2960, 0.61
2961, 0.57
2962, 0.57
2963, 0.65
2964, 0.62
2965, 0.55
2966, 0.37
2967, 0.37
2968, 0.28
2969, 0.45
2970, 0.10
2971, 0.40
2972, 0.38
2973, 0.88
2974, 0.47
2975, 0.39
2976, 0.52
2977, 0.35
2978, 0.41
2979, 0.22
2980, 0.64
2981, 0.67
2982, 0.31
2983, 0.22
2984, 0.32
2985, 0.68
2986, 0.44
2987, 0.36
2988, 0.35
2989, 0.25
2990, 0.45
2991, 0.62
2992, 0.88
2993, 0.59
2994, 0.42
2995, 0.65
2996, 0.25
2997, 0.73
2998, 0.57
2999, 0.65
3000, 0.39
3001, 0.38
3002, 0.67
3003, 0.64
3004, 0.62
3005, 0.56
3006, 0.45
3007, 0.37
3008, 0.61
3009, 0.30
3010, 0.65
3011, 0.29
3012, 0.58
3013, 0.36
3014, 0.45
3015, 0.36
3016, 0.25
3017, 0.72
3018, 0.69
3019, 0.62
3020, 0.44
3021, 0.43
3022, 0.36
3023, 0.68
3024, 0.38
3025, 0.40
3026, 0.32
3027, 0.38
3028, 0.62
3029, 0.47
3030, 0.37
3031, 0.63
3032, 0.40
3033, 0.61
3034, 0.31
3035, 0.43
3036, 0.41
3037, 0.50
3038, 0.29
3039, 0.74
3040, 0.73
3041, 0.12
3042, 0.29
3043, 0.51
3044, 0.48
3045, 0.51
3046, 0.41
3047, 0.12
3048, 0.48
3049, 0.27
3050, 0.37
3051, 0.37
3052, 0.68
3053, 0.25
3054, 0.37
3055, 0.34
3056, 0.35
3057, 0.65
3058, 0.54
3059, 0.56
3060, 0.39
3061, 0.67
3062, 0.29
3063, 0.58
3064, 0.36
3065, 0.63
3066, 0.64
3067, 0.39
3068, 0.34
3069, 0.62
3070, 0.50
3071, 0.51
3072, 0.59
3073, 0.63
3074, 0.35
3075, 0.32
3076, 0.57
3077, 0.41
3078, 0.61
3079, 0.61
3080, 0.62
3081, 0.70
3082, 0.93
3083, 0.34
3084, 0.66
3085, 0.56
3086, 0.38
3087, 0.44
3088, 0.38
3089, 0.68
3090, 0.40
3091, 0.37
3092, 0.09
3093, 0.61
3094, 0.87
3095, 0.42
3096, 0.26
3097, 0.32
3098, 0.64
3099, 0.41
3100, 0.90
3101, 0.61
3102, 0.40
3103, 0.30
3104, 0.41
3105, 0.21
3106, 0.53
3107, 0.35
3108, 0.57
3109, 0.53
3110, 0.69
3111, 0.38
3112, 0.38
3113, 0.75
3114, 0.35
3115, 0.42
3116, 0.47
3117, 0.41
3118, 0.35
3119, 0.39
3120, 0.58
3121, 0.58
3122, 0.51
3123, 0.67
3124, 0.67
3125, 0.40
3126, 0.63
3127, 0.36
3128, 0.50
3129, 0.43
3130, 0.87
3131, 0.29
3132, 0.57
3133, 0.74
3134, 0.45
3135, 0.68
3136, 0.58
3137, 0.35
3138, 0.68
3139, 0.55
3140, 0.54
3141, 0.56
3142, 0.90
3143, 0.43
3144, 0.69
3145, 0.40
3146, 0.60
3147, 0.53
3148, 0.38
3149, 0.40
3150, 0.41
3151, 0.63
3152, 0.61
3153, 0.30
3154, 0.87
3155, 0.54
3156, 0.42
3157, 0.46
3158, 0.40
3159, 0.88
3160, 0.67
3161, 0.27
3162, 0.70
3163, 0.65
3164, 0.69
3165, 0.41
3166, 0.43
3167, 0.39
3168, 0.53
3169, 0.72
3170, 0.65
3171, 0.65
3172, 0.61
3173, 0.69
3174, 0.40
3175, 0.68
3176, 0.41
3177, 0.51
3178, 0.34
3179, 0.14
3180, 0.16
3181, 0.40
3182, 0.74
3183, 0.64
3184, 0.63
3185, 0.52
3186, 0.13
3187, 0.33
3188, 0.60
3189, 0.57
3190, 0.46
3191, 0.93
3192, 0.42
3193, 0.54
3194, 0.69
3195, 0.41
3196, 0.53
3197, 0.60
3198, 0.57
3199, 0.53
3200, 0.63
3201, 0.69
3202, 0.60
3203, 0.66
3204, 0.67
3205, 0.55
3206, 0.43
3207, 0.69
3208, 0.36
3209, 0.64
3210, 0.30
3211, 0.94
3212, 0.59
3213, 0.36
3214, 0.49
3215, 0.65
3216, 0.41
3217, 0.36
3218, 0.50
3219, 0.34
3220, 0.62
3221, 0.59
3222, 0.91
3223, 0.63
3224, 0.59
3225, 0.62
3226, 0.39
3227, 0.40
3228, 0.52
3229, 0.63
3230, 0.61
3231, 0.55
3232, 0.65
3233, 0.36
3234, 0.36
3235, 0.15
3236, 0.38
3237, 0.68
3238, 0.42
3239, 0.73
3240, 0.52
3241, 0.55
3242, 0.56
3243, 0.35
3244, 0.36
3245, 0.57
3246, 0.41
3247, 0.91
3248, 0.62
3249, 0.71
3250, 0.14
3251, 0.35
3252, 0.92
3253, 0.62
3254, 0.68
3255, 0.43
3256, 0.51
3257, 0.58
3258, 0.86
3259, 0.62
3260, 0.14
3261, 0.12
3262, 0.27
3263, 0.50
3264, 0.57
3265, 0.52
3266, 0.68
3267, 0.37
3268, 0.40
3269, 0.48
3270, 0.69
3271, 0.24
3272, 0.51
3273, 0.61
3274, 0.89
3275, 0.83
3276, 0.19
3277, 0.56
3278, 0.59
3279, 0.59
3280, 0.51
3281, 0.55
3282, 0.69
3283, 0.15
3284, 0.66
3285, 0.57
3286, 0.93
3287, 0.66
3288, 0.33
3289, 0.35
3290, 0.41
3291, 0.62
3292, 0.93
3293, 0.41
3294, 0.49
3295, 0.42
3296, 0.37
3297, 0.59
3298, 0.37
3299, 0.61
3300, 0.35
3301, 0.63
3302, 0.25
3303, 0.57
3304, 0.70
3305, 0.54
3306, 0.30
3307, 0.46
3308, 0.30
3309, 0.67
3310, 0.94
3311, 0.33
3312, 0.46
3313, 0.69
3314, 0.68
3315, 0.39
3316, 0.33
3317, 0.38
3318, 0.67
3319, 0.21
3320, 0.31
3321, 0.62
3322, 0.35
3323, 0.42
3324, 0.34
3325, 0.21
3326, 0.48
3327, 0.10
3328, 0.66
3329, 0.13
3330, 0.35
3331, 0.39
3332, 0.37
3333, 0.58
3334, 0.36
3335, 0.89
3336, 0.40
3337, 0.64
3338, 0.41
3339, 0.53
3340, 0.86
3341, 0.58
3342, 0.84
3343, 0.38
3344, 0.58
3345, 0.45
3346, 0.70
3347, 0.36
3348, 0.24
3349, 0.65
3350, 0.22
3351, 0.63
3352, 0.37
3353, 0.23
3354, 0.35
3355, 0.37
3356, 0.45
3357, 0.44
3358, 0.35
3359, 0.33
3360, 0.42
3361, 0.68
3362, 0.55
3363, 0.53
3364, 0.61
3365, 0.42
3366, 0.35
3367, 0.35
3368, 0.49
3369, 0.40
3370, 0.36
3371, 0.41
3372, 0.62
3373, 0.61
3374, 0.40
3375, 0.35
3376, 0.26
3377, 0.62
3378, 0.52
3379, 0.54
3380, 0.41
3381, 0.36
3382, 0.18
3383, 0.30
3384, 0.11
3385, 0.63
3386, 0.94
3387, 0.35
3388, 0.31
3389, 0.40
3390, 0.48
3391, 0.34
3392, 0.62
3393, 0.44
3394, 0.51
3395, 0.37
3396, 0.68
3397, 0.59
3398, 0.31
3399, 0.44
3400, 0.67
3401, 0.66
3402, 0.41
3403, 0.38
3404, 0.64
3405, 0.54
3406, 0.41
3407, 0.16
3408, 0.31
3409, 0.40
3410, 0.36
3411, 0.62
3412, 0.59
3413, 0.35
3414, 0.95
3415, 0.38
3416, 0.15
3417, 0.67
3418, 0.58
3419, 0.37
3420, 0.16
3421, 0.36
3422, 0.48
3423, 0.13
3424, 0.66
3425, 0.70
3426, 0.47
3427, 0.36
3428, 0.37
3429, 0.46
3430, 0.64
3431, 0.93
3432, 0.51
3433, 0.58
3434, 0.24
3435, 0.38
3436, 0.37
3437, 0.70
3438, 0.16
3439, 0.15
3440, 0.16
3441, 0.56
3442, 0.10
3443, 0.56
3444, 0.57
3445, 0.38
3446, 0.40
3447, 0.51
3448, 0.65
3449, 0.65
3450, 0.39
3451, 0.67
3452, 0.38
3453, 0.59
3454, 0.70
3455, 0.39
3456, 0.10
3457, 0.91
3458, 0.36
3459, 0.62
3460, 0.40
3461, 0.39
3462, 0.54
3463, 0.92
3464, 0.33
3465, 0.38
3466, 0.33
3467, 0.60
3468, 0.17
3469, 0.41
3470, 0.36
3471, 0.40
3472, 0.27
3473, 0.64
3474, 0.39
3475, 0.76
3476, 0.41
3477, 0.55
3478, 0.46
3479, 0.47
3480, 0.36
3481, 0.24
3482, 0.25
3483, 0.41
3484, 0.39
3485, 0.61
3486, 0.46
3487, 0.41
3488, 0.59
3489, 0.45
3490, 0.79
3491, 0.59
3492, 0.89
3493, 0.39
3494, 0.27
3495, 0.38
3496, 0.39
3497, 0.60
3498, 0.59
3499, 0.65
3500, 0.15
3501, 0.62
3502, 0.36
3503, 0.25
3504, 0.12
3505, 0.51
3506, 0.36
3507, 0.29
3508, 0.57
3509, 0.59
3510, 0.42
3511, 0.42
3512, 0.57
3513, 0.41
3514, 0.45
3515, 0.22
3516, 0.83
3517, 0.35
3518, 0.12
3519, 0.32
3520, 0.67
3521, 0.66
3522, 0.43
3523, 0.40
3524, 0.33
3525, 0.68
3526, 0.56
3527, 0.60
3528, 0.90
3529, 0.50
3530, 0.39
3531, 0.61
3532, 0.60
3533, 0.73
3534, 0.58
3535, 0.63
3536, 0.33
3537, 0.60
3538, 0.38
3539, 0.34
3540, 0.41
3541, 0.92
3542, 0.12
3543, 0.68
3544, 0.40
3545, 0.28
3546, 0.40
3547, 0.41
3548, 0.62
3549, 0.56
3550, 0.34
3551, 0.39
3552, 0.35
3553, 0.61
3554, 0.69
3555, 0.51
3556, 0.68
3557, 0.42
3558, 0.33
3559, 0.36
3560, 0.15
3561, 0.69
3562, 0.31
3563, 0.36
3564, 0.41
3565, 0.15
3566, 0.43
3567, 0.62
3568, 0.38
3569, 0.69
3570, 0.33
3571, 0.46
3572, 0.39
3573, 0.42
3574, 0.92
3575, 0.26
3576, 0.53
3577, 0.30
3578, 0.33
3579, 0.43
3580, 0.32
3581, 0.50
3582, 0.27
3583, 0.70
3584, 0.65
3585, 0.33
3586, 0.89
3587, 0.18
3588, 0.60
3589, 0.39
3590, 0.26
3591, 0.65
3592, 0.46
3593, 0.53
3594, 0.35
3595, 0.65
3596, 0.38
3597, 0.44
3598, 0.31
3599, 0.42
3600, 0.40
3601, 0.49
3602, 0.34
3603, 0.67
3604, 0.31
3605, 0.54
3606, 0.44
3607, 0.34
3608, 0.56
3609, 0.68
3610, 0.29
3611, 0.45
3612, 0.68
3613, 0.53
3614, 0.68
3615, 0.38
3616, 0.93
3617, 0.42
3618, 0.36
3619, 0.20
3620, 0.56
3621, 0.41
3622, 0.53
3623, 0.68
3624, 0.65
3625, 0.90
3626, 0.58
3627, 0.32
3628, 0.24
3629, 0.61
3630, 0.59
3631, 0.95
3632, 0.40
3633, 0.15
3634, 0.64
3635, 0.37
3636, 0.41
3637, 0.34
3638, 0.42
3639, 0.50
3640, 0.57
3641, 0.60
3642, 0.47
3643, 0.68
3644, 0.90
3645, 0.51
3646, 0.66
3647, 0.42
3648, 0.61
3649, 0.59
3650, 0.23
3651, 0.58
3652, 0.52
3653, 0.66
3654, 0.62
3655, 0.88
3656, 0.40
3657, 0.39
3658, 0.37
3659, 0.67
3660, 0.92
3661, 0.66
3662, 0.61
3663, 0.64
3664, 0.36
3665, 0.58
3666, 0.66
3667, 0.39
3668, 0.36
3669, 0.59
3670, 0.49
3671, 0.36
3672, 0.36
3673, 0.63
3674, 0.42
3675, 0.51
3676, 0.12
3677, 0.43
3678, 0.65
3679, 0.71
3680, 0.69
3681, 0.66
3682, 0.39
3683, 0.34
3684, 0.63
3685, 0.69
3686, 0.34
3687, 0.32
3688, 0.37
3689, 0.37
3690, 0.18
3691, 0.40
3692, 0.61
3693, 0.34
3694, 0.94
3695, 0.45
3696, 0.61
3697, 0.44
3698, 0.35
3699, 0.42
3700, 0.91
3701, 0.35
3702, 0.39
3703, 0.53
3704, 0.32
3705, 0.64
3706, 0.62
3707, 0.35
3708, 0.37
3709, 0.52
3710, 0.14
3711, 0.41
3712, 0.30
3713, 0.58
3714, 0.36
3715, 0.40
3716, 0.57
3717, 0.61
3718, 0.15
3719, 0.34
3720, 0.42
3721, 0.83
3722, 0.42
3723, 0.38
3724, 0.45
3725, 0.21
3726, 0.26
3727, 0.64
3728, 0.64
3729, 0.33
3730, 0.68
3731, 0.38
3732, 0.65
3733, 0.38
3734, 0.66
3735, 0.64
3736, 0.39
3737, 0.63
3738, 0.65
3739, 0.60
3740, 0.44
3741, 0.56
3742, 0.31
3743, 0.62
3744, 0.36
3745, 0.83
3746, 0.63
3747, 0.69
3748, 0.48
3749, 0.40
3750, 0.73
3751, 0.61
3752, 0.51
3753, 0.48
3754, 0.69
3755, 0.38
3756, 0.49
3757, 0.41
3758, 0.92
3759, 0.47
3760, 0.35
3761, 0.38
3762, 0.64
3763, 0.52
3764, 0.41
3765, 0.47
3766, 0.33
3767, 0.54
3768, 0.52
3769, 0.70
3770, 0.59
3771, 0.50
3772, 0.40
3773, 0.39
3774, 0.67
3775, 0.61
3776, 0.35
3777, 0.59
3778, 0.52
3779, 0.44
3780, 0.64
3781, 0.45
3782, 0.74
3783, 0.41
3784, 0.31
3785, 0.35
3786, 0.71
3787, 0.64
3788, 0.34
3789, 0.30
3790, 0.60
3791, 0.56
3792, 0.63
3793, 0.38
3794, 0.61
3795, 0.41
3796, 0.42
3797, 0.41
3798, 0.89
3799, 0.29
3800, 0.91
3801, 0.32
3802, 0.34
3803, 0.61
3804, 0.45
3805, 0.29
3806, 0.56
3807, 0.37
3808, 0.42
3809, 0.43
3810, 0.15
3811, 0.31
3812, 0.42
3813, 0.55
3814, 0.33
3815, 0.90
3816, 0.42
3817, 0.38
3818, 0.14
3819, 0.58
3820, 0.63
3821, 0.35
3822, 0.56
3823, 0.40
3824, 0.59
3825, 0.39
3826, 0.34
3827, 0.58
3828, 0.63
3829, 0.23
3830, 0.63
3831, 0.34
3832, 0.13
3833, 0.43
3834, 0.79
3835, 0.37
3836, 0.69
3837, 0.45
3838, 0.41
3839, 0.60
3840, 0.11
3841, 0.19
3842, 0.37
3843, 0.70
3844, 0.40
3845, 0.23
3846, 0.33
3847, 0.66
3848, 0.55
3849, 0.47
3850, 0.43
3851, 0.30
3852, 0.64
3853, 0.60
3854, 0.63
3855, 0.89
3856, 0.62
3857, 0.69
3858, 0.53
3859, 0.42
3860, 0.38
3861, 0.69
3862, 0.12
3863, 0.70
3864, 0.37
3865, 0.64
3866, 0.34
3867, 0.69
3868, 0.18
3869, 0.38
3870, 0.34
3871, 0.34
3872, 0.38
3873, 0.67
3874, 0.42
3875, 0.93
3876, 0.32
3877, 0.59
3878, 0.62
3879, 0.30
3880, 0.42
3881, 0.56
3882, 0.40
3883, 0.61
3884, 0.38
3885, 0.50
3886, 0.41
3887, 0.46
3888, 0.41
3889, 0.41
3890, 0.63
3891, 0.66
3892, 0.12
3893, 0.42
3894, 0.55
3895, 0.35
3896, 0.35
3897, 0.58
3898, 0.66
3899, 0.34
3900, 0.35
3901, 0.44
3902, 0.63
3903, 0.60
3904, 0.91
3905, 0.62
3906, 0.60
3907, 0.72
3908, 0.69
3909, 0.66
3910, 0.35
3911, 0.24
3912, 0.30
3913, 0.60
3914, 0.26
3915, 0.64
3916, 0.38
3917, 0.55
3918, 0.44
3919, 0.39
3920, 0.34
3921, 0.64
3922, 0.65
3923, 0.59
3924, 0.85
3925, 0.61
3926, 0.45
3927, 0.40
3928, 0.68
3929, 0.69
3930, 0.58
3931, 0.44
3932, 0.79
3933, 0.59
3934, 0.37
3935, 0.44
3936, 0.63
3937, 0.41
3938, 0.56
3939, 0.40
3940, 0.68
3941, 0.33
3942, 0.16
3943, 0.61
3944, 0.67
3945, 0.36
3946, 0.55
3947, 0.34
3948, 0.14
3949, 0.91
3950, 0.61
3951, 0.60
3952, 0.68
3953, 0.54
3954, 0.74
3955, 0.41
3956, 0.48
3957, 0.59
3958, 0.63
3959, 0.92
3960, 0.47
3961, 0.47
3962, 0.59
3963, 0.67
3964, 0.32
3965, 0.86
3966, 0.40
3967, 0.37
3968, 0.57
3969, 0.61
3970, 0.36
3971, 0.54
3972, 0.77
3973, 0.57
3974, 0.54
3975, 0.59
3976, 0.41
3977, 0.70
3978, 0.67
3979, 0.52
3980, 0.48
3981, 0.41
3982, 0.61
3983, 0.68
3984, 0.67
3985, 0.52
3986, 0.52
3987, 0.38
3988, 0.88
3989, 0.64
3990, 0.28
3991, 0.58
3992, 0.44
3993, 0.37
3994, 0.62
3995, 0.32
3996, 0.37
3997, 0.57
3998, 0.38
3999, 0.54
4000, 0.32
4001, 0.58
4002, 0.61
4003, 0.70
4004, 0.40
4005, 0.64
4006, 0.37
4007, 0.67
4008, 0.63
4009, 0.47
4010, 0.27
4011, 0.66
4012, 0.37
4013, 0.40
4014, 0.23
4015, 0.43
4016, 0.16
4017, 0.12
4018, 0.41
4019, 0.43
4020, 0.40
4021, 0.43
4022, 0.66
4023, 0.40
4024, 0.58
4025, 0.70
4026, 0.40
4027, 0.35
4028, 0.49
4029, 0.69
4030, 0.68
4031, 0.43
4032, 0.35
4033, 0.39
4034, 0.59
4035, 0.36
4036, 0.42
4037, 0.31
4038, 0.66
4039, 0.85
4040, 0.40
4041, 0.72
4042, 0.58
4043, 0.47
4044, 0.37
4045, 0.58
4046, 0.49
4047, 0.55
4048, 0.41
4049, 0.40
4050, 0.65
4051, 0.56
4052, 0.54
4053, 0.21
4054, 0.37
4055, 0.55
4056, 0.43
4057, 0.81
4058, 0.93
4059, 0.60
4060, 0.65
4061, 0.40
4062, 0.58
4063, 0.29
4064, 0.31
4065, 0.36
4066, 0.92
4067, 0.56
4068, 0.70
4069, 0.52
4070, 0.10
4071, 0.68
4072, 0.63
4073, 0.87
4074, 0.39
4075, 0.43
4076, 0.53
4077, 0.61
4078, 0.70
4079, 0.38
4080, 0.58
4081, 0.43
4082, 0.41
4083, 0.66
4084, 0.68
4085, 0.44
4086, 0.60
4087, 0.63
4088, 0.49
4089, 0.43
4090, 0.65
4091, 0.92
4092, 0.66
4093, 0.73
4094, 0.42
4095, 0.34
4096, 0.67
4097, 0.31
4098, 0.13
4099, 0.49
4100, 0.40
4101, 0.40
4102, 0.44
4103, 0.35
4104, 0.16
4105, 0.30
4106, 0.73
4107, 0.34
4108, 0.67
4109, 0.36
4110, 0.66
4111, 0.91
4112, 0.63
4113, 0.64
4114, 0.54
4115, 0.35
4116, 0.58
4117, 0.40
4118, 0.35
4119, 0.49
4120, 0.50
4121, 0.62
4122, 0.54
4123, 0.09
4124, 0.61
4125, 0.58
4126, 0.53
4127, 0.41
4128, 0.43
4129, 0.75
4130, 0.68
4131, 0.63
4132, 0.65
4133, 0.64
4134, 0.41
4135, 0.37
4136, 0.42
4137, 0.39
4138, 0.76
4139, 0.65
4140, 0.57
4141, 0.62
4142, 0.14
4143, 0.36
4144, 0.39
4145, 0.35
4146, 0.89
4147, 0.30
4148, 0.15
4149, 0.11
4150, 0.45
4151, 0.67
4152, 0.62
4153, 0.40
4154, 0.64
4155, 0.69
4156, 0.44
4157, 0.50
4158, 0.65
4159, 0.40
4160, 0.52
4161, 0.12
4162, 0.41
4163, 0.60
4164, 0.31
4165, 0.95
4166, 0.51
4167, 0.54
4168, 0.38
4169, 0.43
4170, 0.43
4171, 0.62
4172, 0.66
4173, 0.40
4174, 0.10
4175, 0.14
4176, 0.67
4177, 0.93
4178, 0.68
4179, 0.90
4180, 0.39
4181, 0.54
4182, 0.29
4183, 0.41
4184, 0.38
4185, 0.37
4186, 0.65
4187, 0.61
4188, 0.87
4189, 0.40
4190, 0.52
4191, 0.46
4192, 0.32
4193, 0.91
4194, 0.62
4195, 0.51
4196, 0.36
4197, 0.60
4198, 0.33
4199, 0.35
4200, 0.36
4201, 0.37
4202, 0.36
4203, 0.59
4204, 0.62
4205, 0.35
4206, 0.43
4207, 0.50
4208, 0.48
4209, 0.41
4210, 0.34
4211, 0.33
4212, 0.59
4213, 0.94
4214, 0.43
4215, 0.32
4216, 0.64
4217, 0.46
4218, 0.48
4219, 0.67
4220, 0.58
4221, 0.40
4222, 0.65
4223, 0.40
4224, 0.55
4225, 0.58
4226, 0.39
4227, 0.58
4228, 0.59
4229, 0.65
4230, 0.60
4231, 0.63
4232, 0.56
4233, 0.44
4234, 0.62
4235, 0.35
4236, 0.37
4237, 0.40
4238, 0.28
4239, 0.68
4240, 0.44
4241, 0.62
4242, 0.69
4243, 0.42
4244, 0.62
4245, 0.54
4246, 0.41
4247, 0.93
4248, 0.40
4249, 0.39
4250, 0.41
4251, 0.40
4252, 0.60
4253, 0.32
4254, 0.64
4255, 0.41
4256, 0.40
4257, 0.38
4258, 0.57
4259, 0.60
4260, 0.93
4261, 0.67
4262, 0.62
4263, 0.27
4264, 0.34
4265, 0.29
4266, 0.94
4267, 0.59
4268, 0.94
4269, 0.66
4270, 0.39
4271, 0.36
4272, 0.15
4273, 0.58
4274, 0.28
4275, 0.68
4276, 0.38
4277, 0.13
4278, 0.58
4279, 0.56
4280, 0.64
4281, 0.56
4282, 0.86
4283, 0.30
4284, 0.36
4285, 0.67
4286, 0.60
4287, 0.56
4288, 0.68
4289, 0.59
4290, 0.57
4291, 0.28
4292, 0.59
4293, 0.57
4294, 0.74
4295, 0.74
4296, 0.69
4297, 0.58
4298, 0.40
4299, 0.60
4300, 0.29
4301, 0.67
4302, 0.61
4303, 0.42
4304, 0.43
4305, 0.69
4306, 0.74
4307, 0.58
4308, 0.38
4309, 0.37
4310, 0.65
4311, 0.57
4312, 0.54
4313, 0.35
4314, 0.22
4315, 0.66
4316, 0.57
4317, 0.34
4318, 0.38
4319, 0.17
4320, 0.36
4321, 0.93
4322, 0.39
4323, 0.69
4324, 0.61
4325, 0.33
4326, 0.25
4327, 0.61
4328, 0.68
4329, 0.73
4330, 0.54
4331, 0.41
4332, 0.90
4333, 0.69
4334, 0.69
4335, 0.43
4336, 0.40
4337, 0.39
4338, 0.71
4339, 0.94
4340, 0.89
4341, 0.37
4342, 0.38
4343, 0.46
4344, 0.56
4345, 0.37
4346, 0.29
4347, 0.52
4348, 0.23
4349, 0.33
4350, 0.66
4351, 0.43
4352, 0.43
4353, 0.92
4354, 0.25
4355, 0.33
4356, 0.50
4357, 0.42
4358, 0.63
4359, 0.67
4360, 0.39
4361, 0.61
4362, 0.42
4363, 0.67
4364, 0.52
4365, 0.60
4366, 0.30
4367, 0.93
4368, 0.68
4369, 0.45
4370, 0.41
4371, 0.26
4372, 0.36
4373, 0.40
4374, 0.59
4375, 0.25
4376, 0.60
4377, 0.32
4378, 0.43
4379, 0.34
4380, 0.41
4381, 0.64
4382, 0.36
4383, 0.61
4384, 0.38
4385, 0.57
4386, 0.44
4387, 0.71
4388, 0.70
4389, 0.45
4390, 0.39
4391, 0.24
4392, 0.64
4393, 0.36
4394, 0.32
4395, 0.64
4396, 0.42
4397, 0.42
4398, 0.51
4399, 0.29
4400, 0.93
4401, 0.54
4402, 0.38
4403, 0.67
4404, 0.40
4405, 0.62
4406, 0.29
4407, 0.44
4408, 0.65
4409, 0.13
4410, 0.65
4411, 0.38
4412, 0.40
4413, 0.47
4414, 0.25
4415, 0.12
4416, 0.65
4417, 0.64
4418, 0.11
4419, 0.41
4420, 0.67
4421, 0.39
4422, 0.36
4423, 0.37
4424, 0.67
4425, 0.41
4426, 0.55
4427, 0.53
4428, 0.14
4429, 0.72
4430, 0.36
4431, 0.52
4432, 0.72
4433, 0.42
4434, 0.33
4435, 0.60
4436, 0.42
4437, 0.42
4438, 0.60
4439, 0.68
4440, 0.69
4441, 0.36
4442, 0.62
4443, 0.38
4444, 0.33
4445, 0.56
4446, 0.35
4447, 0.88
4448, 0.69
4449, 0.63
4450, 0.40
4451, 0.57
4452, 0.33
4453, 0.45
4454, 0.57
4455, 0.50
4456, 0.51
4457, 0.58
4458, 0.69
4459, 0.35
4460, 0.27
4461, 0.33
4462, 0.41
4463, 0.15
4464, 0.13
4465, 0.38
4466, 0.52
4467, 0.53
4468, 0.58
4469, 0.67
4470, 0.78
4471, 0.37
4472, 0.57
4473, 0.62
4474, 0.50
4475, 0.44
4476, 0.66
4477, 0.30
4478, 0.68
4479, 0.33
4480, 0.43
4481, 0.42
4482, 0.55
4483, 0.67
4484, 0.34
4485, 0.42
4486, 0.34
4487, 0.38
4488, 0.68
4489, 0.35
4490, 0.14
4491, 0.43
4492, 0.39
4493, 0.39
4494, 0.50
4495, 0.68
4496, 0.40
4497, 0.58
4498, 0.93
4499, 0.18
4500, 0.07
4501, 0.61
4502, 0.64
4503, 0.36
4504, 0.67
4505, 0.72
4506, 0.34
4507, 0.60
4508, 0.42
4509, 0.35
4510, 0.62
4511, 0.41
4512, 0.45
4513, 0.54
4514, 0.57
4515, 0.59
4516, 0.38
4517, 0.50
4518, 0.35
4519, 0.35
4520, 0.49
4521, 0.12
4522, 0.37
4523, 0.68
4524, 0.55
4525, 0.15
4526, 0.37
4527, 0.69
4528, 0.62
4529, 0.40
4530, 0.48
4531, 0.37
4532, 0.64
4533, 0.54
4534, 0.90
4535, 0.39
4536, 0.59
4537, 0.69
4538, 0.62
4539, 0.12
4540, 0.66
4541, 0.41
4542, 0.11
4543, 0.65
4544, 0.30
4545, 0.94
4546, 0.54
4547, 0.29
4548, 0.41
4549, 0.30
4550, 0.61
4551, 0.51
4552, 0.32
4553, 0.86
4554, 0.40
4555, 0.65
4556, 0.69
4557, 0.65
4558, 0.59
4559, 0.41
4560, 0.64
4561, 0.63
4562, 0.66
4563, 0.69
4564, 0.90
4565, 0.41
4566, 0.37
4567, 0.64
4568, 0.42
4569, 0.68
4570, 0.13
4571, 0.65
4572, 0.55
4573, 0.65
4574, 0.51
4575, 0.60
4576, 0.90
4577, 0.58
4578, 0.55
4579, 0.39
4580, 0.36
4581, 0.62
4582, 0.84
4583, 0.43
4584, 0.61
4585, 0.94
4586, 0.36
4587, 0.93
4588, 0.37
4589, 0.52
4590, 0.41
4591, 0.61
4592, 0.69
4593, 0.49
4594, 0.53
4595, 0.63
4596, 0.64
4597, 0.39
4598, 0.62
4599, 0.36
4600, 0.32
4601, 0.10
4602, 0.43
4603, 0.30
4604, 0.37
4605, 0.37
4606, 0.61
4607, 0.19
4608, 0.37
4609, 0.61
4610, 0.35
4611, 0.39
4612, 0.58
4613, 0.16
4614, 0.57
4615, 0.43
4616, 0.40
4617, 0.53
4618, 0.91
4619, 0.40
4620, 0.38
4621, 0.28
4622, 0.61
4623, 0.92
4624, 0.63
4625, 0.44
4626, 0.57
4627, 0.35
4628, 0.45
4629, 0.61
4630, 0.40
4631, 0.29
4632, 0.62
4633, 0.57
4634, 0.43
4635, 0.54
4636, 0.69
4637, 0.41
4638, 0.58
4639, 0.69
4640, 0.69
4641, 0.60
4642, 0.42
4643, 0.76
4644, 0.64
4645, 0.38
4646, 0.40
4647, 0.43
4648, 0.63
4649, 0.46
4650, 0.18
4651, 0.49
4652, 0.63
4653, 0.59
4654, 0.59
4655, 0.60
4656, 0.66
4657, 0.36
4658, 0.61
4659, 0.12
4660, 0.33
4661, 0.37
4662, 0.50
4663, 0.38
4664, 0.65
4665, 0.35
4666, 0.36
4667, 0.91
4668, 0.56
4669, 0.41
4670, 0.35
4671, 0.60
4672, 0.89
4673, 0.13
4674, 0.70
4675, 0.60
4676, 0.16
4677, 0.36
4678, 0.39
4679, 0.37
4680, 0.55
4681, 0.34
4682, 0.69
4683, 0.91
4684, 0.89
4685, 0.70
4686, 0.12
4687, 0.28
4688, 0.42
4689, 0.67
4690, 0.88
4691, 0.35
4692, 0.65
4693, 0.56
4694, 0.33
4695, 0.43
4696, 0.39
4697, 0.56
4698, 0.38
4699, 0.65
4700, 0.76
4701, 0.88
4702, 0.66
4703, 0.42
4704, 0.17
4705, 0.64
4706, 0.37
4707, 0.70
4708, 0.68
4709, 0.78
4710, 0.37
4711, 0.35
4712, 0.41
4713, 0.44
4714, 0.56
4715, 0.27
4716, 0.71
4717, 0.28
4718, 0.68
4719, 0.85
4720, 0.59
4721, 0.45
4722, 0.36
4723, 0.63
4724, 0.57
4725, 0.14
4726, 0.27
4727, 0.63
4728, 0.71
4729, 0.56
4730, 0.37
4731, 0.40
4732, 0.64
4733, 0.62
4734, 0.38
4735, 0.44
4736, 0.56
4737, 0.65
4738, 0.44
4739, 0.65
4740, 0.49
4741, 0.62
4742, 0.66
4743, 0.73
4744, 0.76
4745, 0.60
4746, 0.41
4747, 0.51
4748, 0.36
4749, 0.65
4750, 0.65
4751, 0.57
4752, 0.34
4753, 0.31
4754, 0.44
4755, 0.62
4756, 0.38
4757, 0.46
4758, 0.53
4759, 0.36
4760, 0.66
4761, 0.55
4762, 0.69
4763, 0.10
4764, 0.35
4765, 0.56
4766, 0.26
4767, 0.63
4768, 0.43
4769, 0.37
4770, 0.63
4771, 0.70
4772, 0.35
4773, 0.46
4774, 0.72
4775, 0.57
4776, 0.64
4777, 0.26
4778, 0.45
4779, 0.39
4780, 0.42
4781, 0.69
4782, 0.32
4783, 0.67
4784, 0.73
4785, 0.70
4786, 0.56
4787, 0.91
4788, 0.53
4789, 0.41
4790, 0.37
4791, 0.64
4792, 0.43
4793, 0.55
4794, 0.16
4795, 0.66
4796, 0.66
4797, 0.39
4798, 0.35
4799, 0.56
4800, 0.55
4801, 0.51
4802, 0.41
4803, 0.26
4804, 0.40
4805, 0.62
4806, 0.67
4807, 0.58
4808, 0.45
4809, 0.33
4810, 0.48
4811, 0.54
4812, 0.57
4813, 0.32
4814, 0.39
4815, 0.37
4816, 0.34
4817, 0.65
4818, 0.35
4819, 0.29
4820, 0.92
4821, 0.37
4822, 0.15
4823, 0.22
4824, 0.40
4825, 0.12
4826, 0.60
4827, 0.36
4828, 0.56
4829, 0.66
4830, 0.41
4831, 0.41
4832, 0.26
4833, 0.93
4834, 0.25
4835, 0.63
4836, 0.92
4837, 0.38
4838, 0.48
4839, 0.10
4840, 0.57
4841, 0.42
4842, 0.48
4843, 0.62
4844, 0.41
4845, 0.63
4846, 0.89
4847, 0.58
4848, 0.94
4849, 0.58
4850, 0.50
4851, 0.35
4852, 0.48
4853, 0.58
4854, 0.14
4855, 0.51
4856, 0.13
4857, 0.49
4858, 0.65
4859, 0.24
4860, 0.51
4861, 0.41
4862, 0.65
4863, 0.38
4864, 0.56
4865, 0.19
4866, 0.59
4867, 0.60
4868, 0.14
4869, 0.40
4870, 0.39
4871, 0.91
4872, 0.68
4873, 0.74
4874, 0.29
4875, 0.38
4876, 0.37
4877, 0.65
4878, 0.67
4879, 0.54
4880, 0.69
4881, 0.61
4882, 0.67
4883, 0.68
4884, 0.53
4885, 0.25
4886, 0.67
4887, 0.40
4888, 0.54
4889, 0.39
4890, 0.37
4891, 0.45
4892, 0.40
4893, 0.38
4894, 0.12
4895, 0.39
4896, 0.64
4897, 0.41
4898, 0.32
4899, 0.66
4900, 0.67
4901, 0.55
4902, 0.36
4903, 0.40
4904, 0.62
4905, 0.34
4906, 0.65
4907, 0.45
4908, 0.16
4909, 0.61
4910, 0.62
4911, 0.66
4912, 0.70
4913, 0.31
4914, 0.34
4915, 0.70
4916, 0.69
4917, 0.38
4918, 0.66
4919, 0.27
4920, 0.27
4921, 0.52
4922, 0.16
4923, 0.68
4924, 0.64
4925, 0.42
4926, 0.46
4927, 0.68
4928, 0.37
4929, 0.69
4930, 0.64
4931, 0.44
4932, 0.34
4933, 0.52
4934, 0.53
4935, 0.37
4936, 0.57
4937, 0.49
4938, 0.65
4939, 0.38
4940, 0.65
4941, 0.63
4942, 0.34
4943, 0.63
4944, 0.69
4945, 0.29
4946, 0.31
4947, 0.57
4948, 0.13
4949, 0.38
4950, 0.40
4951, 0.37
4952, 0.39
4953, 0.40
4954, 0.18
4955, 0.57
4956, 0.59
4957, 0.35
4958, 0.28
4959, 0.54
4960, 0.61
4961, 0.69
4962, 0.20
4963, 0.29
4964, 0.40
4965, 0.66
4966, 0.68
4967, 0.57
4968, 0.38
4969, 0.87
4970, 0.23
4971, 0.67
4972, 0.52
4973, 0.26
4974, 0.64
4975, 0.40
4976, 0.30
4977, 0.38
4978, 0.20
4979, 0.53
4980, 0.61
4981, 0.51
4982, 0.34
4983, 0.78
4984, 0.33
4985, 0.62
4986, 0.66
4987, 0.32
4988, 0.66
4989, 0.62
4990, 0.40
4991, 0.47
4992, 0.11
4993, 0.72
4994, 0.54
4995, 0.66
4996, 0.25
4997, 0.17
4998, 0.50
4999, 0.40
5000, 0.70
5001, 0.40
5002, 0.41
5003, 0.47
5004, 0.47
5005, 0.50
5006, 0.66
5007, 0.54
5008, 0.37
5009, 0.54
5010, 0.37
5011, 0.40
5012, 0.31
5013, 0.41
5014, 0.64
5015, 0.50
5016, 0.56
5017, 0.59
5018, 0.56
5019, 0.42
5020, 0.67
5021, 0.40
5022, 0.36
5023, 0.88
5024, 0.34
5025, 0.66
5026, 0.39
5027, 0.69
5028, 0.59
5029, 0.48
5030, 0.53
5031, 0.35
5032, 0.58
5033, 0.73
5034, 0.38
5035, 0.40
5036, 0.38
5037, 0.28
5038, 0.69
5039, 0.57
5040, 0.40
5041, 0.36
5042, 0.91
5043, 0.09
5044, 0.41
5045, 0.60
5046, 0.63
5047, 0.57
5048, 0.60
5049, 0.31
5050, 0.61
5051, 0.24
5052, 0.29
5053, 0.70
5054, 0.37
5055, 0.59
5056, 0.58
5057, 0.38
5058, 0.53
5059, 0.92
5060, 0.70
5061, 0.26
5062, 0.68
5063, 0.39
5064, 0.56
5065, 0.14
5066, 0.55
5067, 0.69
5068, 0.75
5069, 0.38
5070, 0.39
5071, 0.64
5072, 0.60
5073, 0.81
5074, 0.24
5075, 0.37
5076, 0.59
5077, 0.35
5078, 0.92
5079, 0.92
5080, 0.60
5081, 0.51
5082, 0.53
5083, 0.43
5084, 0.66
5085, 0.94
5086, 0.35
5087, 0.62
5088, 0.54
5089, 0.91
5090, 0.64
5091, 0.64
5092, 0.58
5093, 0.52
5094, 0.40
5095, 0.36
5096, 0.56
5097, 0.22
5098, 0.32
5099, 0.44
5100, 0.47
5101, 0.68
5102, 0.17
5103, 0.47
5104, 0.67
5105, 0.40
5106, 0.61
5107, 0.69
5108, 0.36
5109, 0.68
5110, 0.11
5111, 0.39
5112, 0.52
5113, 0.12
5114, 0.28
5115, 0.57
5116, 0.30
5117, 0.69
5118, 0.35
5119, 0.60
5120, 0.74
5121, 0.46
5122, 0.53
5123, 0.60
5124, 0.65
5125, 0.90
5126, 0.36
5127, 0.16
5128, 0.38
5129, 0.63
5130, 0.60
5131, 0.16
5132, 0.27
5133, 0.43
5134, 0.63
5135, 0.38
5136, 0.51
5137, 0.36
5138, 0.52
5139, 0.57
5140, 0.64
5141, 0.38
5142, 0.70
5143, 0.54
5144, 0.33
5145, 0.80
5146, 0.48
5147, 0.38
5148, 0.64
5149, 0.54
5150, 0.40
5151, 0.38
5152, 0.40
5153, 0.41
5154, 0.15
5155, 0.26
5156, 0.14
5157, 0.67
5158, 0.41
5159, 0.48
5160, 0.47
5161, 0.45
5162, 0.66
5163, 0.58
5164, 0.68
5165, 0.66
5166, 0.37
5167, 0.33
5168, 0.55
5169, 0.41
5170, 0.44
5171, 0.33
5172, 0.28
5173, 0.56
5174, 0.42
5175, 0.12
5176, 0.68
5177, 0.40
5178, 0.42
5179, 0.27
5180, 0.75
5181, 0.89
5182, 0.48
5183, 0.29
5184, 0.70
5185, 0.70
5186, 0.33
5187, 0.23
5188, 0.37
5189, 0.28
5190, 0.59
5191, 0.34
5192, 0.61
5193, 0.56
5194, 0.41
5195, 0.94
5196, 0.62
5197, 0.16
5198, 0.62
5199, 0.35
5200, 0.69
5201, 0.64
5202, 0.37
5203, 0.59
5204, 0.37
5205, 0.67
5206, 0.35
5207, 0.93
5208, 0.31
5209, 0.58
5210, 0.60
5211, 0.57
5212, 0.63
5213, 0.61
5214, 0.52
5215, 0.51
5216, 0.40
5217, 0.56
5218, 0.23
5219, 0.37
5220, 0.44
5221, 0.11
5222, 0.16
5223, 0.59
5224, 0.43
5225, 0.59
5226, 0.38
5227, 0.40
5228, 0.60
5229, 0.14
5230, 0.53
5231, 0.63
5232, 0.70
5233, 0.45
5234, 0.37
5235, 0.71
5236, 0.30
5237, 0.37
5238, 0.29
5239, 0.59
5240, 0.43
5241, 0.53
5242, 0.42
5243, 0.55
5244, 0.69
5245, 0.17
5246, 0.86
5247, 0.67
5248, 0.63
5249, 0.32
5250, 0.66
5251, 0.59
5252, 0.48
5253, 0.19
5254, 0.14
5255, 0.27
5256, 0.44
5257, 0.35
5258, 0.63
5259, 0.63
5260, 0.60
5261, 0.94
5262, 0.40
5263, 0.71
5264, 0.38
5265, 0.55
5266, 0.58
5267, 0.70
5268, 0.11
5269, 0.43
5270, 0.64
5271, 0.63
5272, 0.67
5273, 0.43
5274, 0.47
5275, 0.58
5276, 0.60
5277, 0.55
5278, 0.35
5279, 0.70
5280, 0.36
5281, 0.68
5282, 0.57
5283, 0.89
5284, 0.46
5285, 0.36
5286, 0.33
5287, 0.66
5288, 0.55
5289, 0.78
5290, 0.38
5291, 0.67
5292, 0.52
5293, 0.38
5294, 0.38
5295, 0.42
5296, 0.36
5297, 0.63
5298, 0.59
5299, 0.68
5300, 0.60
5301, 0.42
5302, 0.55
5303, 0.34
5304, 0.39
5305, 0.54
5306, 0.33
5307, 0.64
5308, 0.85
5309, 0.45
5310, 0.58
5311, 0.25
5312, 0.38
5313, 0.39
5314, 0.68
5315, 0.86
5316, 0.57
5317, 0.36
5318, 0.57
5319, 0.86
5320, 0.88
5321, 0.35
5322, 0.65
5323, 0.31
5324, 0.38
5325, 0.37
5326, 0.33
5327, 0.47
5328, 0.40
5329, 0.41
5330, 0.31
5331, 0.64
5332, 0.35
5333, 0.56
5334, 0.34
5335, 0.31
5336, 0.41
5337, 0.62
5338, 0.53
5339, 0.12
5340, 0.36
5341, 0.41
5342, 0.66
5343, 0.30
5344, 0.60
5345, 0.63
5346, 0.37
5347, 0.41
5348, 0.45
5349, 0.38
5350, 0.64
5351, 0.55
5352, 0.47
5353, 0.40
5354, 0.57
5355, 0.88
5356, 0.91
5357, 0.40
5358, 0.39
5359, 0.28
5360, 0.34
5361, 0.38
5362, 0.69
5363, 0.63
5364, 0.60
5365, 0.63
5366, 0.41
5367, 0.69
5368, 0.61
5369, 0.66
5370, 0.67
5371, 0.65
5372, 0.17
5373, 0.31
5374, 0.55
5375, 0.49
5376, 0.40
5377, 0.79
5378, 0.42
5379, 0.27
5380, 0.57
5381, 0.42
5382, 0.52
5383, 0.37
5384, 0.42
5385, 0.32
5386, 0.38
5387, 0.33
5388, 0.39
5389, 0.35
5390, 0.51
5391, 0.35
5392, 0.37
5393, 0.81
5394, 0.39
5395, 0.58
5396, 0.94
5397, 0.37
5398, 0.59
5399, 0.62
5400, 0.39
5401, 0.39
5402, 0.39
5403, 0.53
5404, 0.29
5405, 0.43
5406, 0.44
5407, 0.15
5408, 0.38
5409, 0.39
5410, 0.51
5411, 0.24
5412, 0.88
5413, 0.30
5414, 0.62
5415, 0.38
5416, 0.64
5417, 0.30
5418, 0.11
5419, 0.65
5420, 0.58
5421, 0.65
5422, 0.62
5423, 0.68
5424, 0.15
5425, 0.46
5426, 0.65
5427, 0.58
5428, 0.41
5429, 0.39
5430, 0.29
5431, 0.34
5432, 0.69
5433, 0.60
5434, 0.92
5435, 0.62
5436, 0.66
5437, 0.43
5438, 0.69
5439, 0.68
5440, 0.23
5441, 0.88
5442, 0.44
5443, 0.35
5444, 0.60
5445, 0.61
5446, 0.61
5447, 0.71
5448, 0.38
5449, 0.35
5450, 0.17
5451, 0.34
5452, 0.60
5453, 0.85
5454, 0.46
5455, 0.68
5456, 0.44
5457, 0.87
5458, 0.75
5459, 0.90
5460, 0.44
5461, 0.64
5462, 0.55
5463, 0.45
5464, 0.46
5465, 0.37
5466, 0.35
5467, 0.56
5468, 0.52
5469, 0.52
5470, 0.26
5471, 0.59
5472, 0.69
5473, 0.32
5474, 0.38
5475, 0.52
5476, 0.38
5477, 0.71
5478, 0.39
5479, 0.69
5480, 0.29
5481, 0.42
5482, 0.27
5483, 0.58
5484, 0.39
5485, 0.36
5486, 0.78
5487, 0.65
5488, 0.09
5489, 0.38
5490, 0.69
5491, 0.39
5492, 0.81
5493, 0.64
5494, 0.51
5495, 0.72
5496, 0.69
5497, 0.62
5498, 0.38
5499, 0.56
5500, 0.67
5501, 0.44
5502, 0.41
5503, 0.40
5504, 0.35
5505, 0.67
5506, 0.42
5507, 0.47
5508, 0.38
5509, 0.58
5510, 0.77
5511, 0.36
5512, 0.39
5513, 0.67
5514, 0.90
5515, 0.63
5516, 0.40
5517, 0.34
5518, 0.39
5519, 0.36
5520, 0.82
5521, 0.57
5522, 0.30
5523, 0.67
5524, 0.94
5525, 0.61
5526, 0.56
5527, 0.60
5528, 0.40
5529, 0.43
5530, 0.37
5531, 0.31
5532, 0.44
5533, 0.44
5534, 0.57
5535, 0.45
5536, 0.53
5537, 0.74
5538, 0.93
5539, 0.40
5540, 0.12
5541, 0.40
5542, 0.86
5543, 0.33
5544, 0.68
5545, 0.42
5546, 0.42
5547, 0.55
5548, 0.30
5549, 0.51
5550, 0.42
5551, 0.61
5552, 0.57
5553, 0.49
5554, 0.63
5555, 0.74
5556, 0.33
5557, 0.27
5558, 0.40
5559, 0.41
5560, 0.42
5561, 0.47
5562, 0.69
5563, 0.63
5564, 0.37
5565, 0.49
5566, 0.18
5567, 0.34
5568, 0.59
5569, 0.40
5570, 0.53
5571, 0.38
5572, 0.68
5573, 0.92
5574, 0.38
5575, 0.63
5576, 0.29
5577, 0.24
5578, 0.75
5579, 0.43
5580, 0.61
5581, 0.56
5582, 0.34
5583, 0.49
5584, 0.59
5585, 0.69
5586, 0.35
5587, 0.41
5588, 0.38
5589, 0.73
5590, 0.38
5591, 0.64
5592, 0.57
5593, 0.34
5594, 0.65
5595, 0.43
5596, 0.52
5597, 0.22
5598, 0.49
5599, 0.68
5600, 0.39
5601, 0.38
5602, 0.65
5603, 0.40
5604, 0.34
5605, 0.84
5606, 0.41
5607, 0.42
5608, 0.41
5609, 0.54
5610, 0.47
5611, 0.50
5612, 0.46
5613, 0.16
5614, 0.66
5615, 0.13
5616, 0.37
5617, 0.35
5618, 0.28
5619, 0.63
5620, 0.36
5621, 0.69
5622, 0.41
5623, 0.28
5624, 0.41
5625, 0.37
5626, 0.28
5627, 0.42
5628, 0.58
5629, 0.35
5630, 0.59
5631, 0.38
5632, 0.62
5633, 0.69
5634, 0.56
5635, 0.94
5636, 0.10
5637, 0.41
5638, 0.43
5639, 0.61
5640, 0.40
5641, 0.33
5642, 0.49
5643, 0.68
5644, 0.94
5645, 0.14
5646, 0.22
5647, 0.42
5648, 0.52
5649, 0.64
5650, 0.42
5651, 0.31
5652, 0.41
5653, 0.39
5654, 0.36
5655, 0.63
5656, 0.57
5657, 0.64
5658, 0.70
5659, 0.32
5660, 0.88
5661, 0.12
5662, 0.67
5663, 0.62
5664, 0.49
5665, 0.63
5666, 0.46
5667, 0.47
5668, 0.30
5669, 0.61
5670, 0.38
5671, 0.44
5672, 0.55
5673, 0.14
5674, 0.54
5675, 0.69
5676, 0.65
5677, 0.36
5678, 0.39
5679, 0.39
5680, 0.39
5681, 0.14
5682, 0.59
5683, 0.63
5684, 0.69
5685, 0.42
5686, 0.32
5687, 0.61
5688, 0.64
5689, 0.55
5690, 0.39
5691, 0.43
5692, 0.69
5693, 0.64
5694, 0.31
5695, 0.35
5696, 0.14
5697, 0.38
5698, 0.63
5699, 0.55
5700, 0.12
5701, 0.68
5702, 0.35
5703, 0.69
5704, 0.62
5705, 0.69
5706, 0.68
5707, 0.38
5708, 0.58
5709, 0.61
5710, 0.89
5711, 0.24
5712, 0.36
5713, 0.51
5714, 0.61
5715, 0.67
5716, 0.70
5717, 0.60
5718, 0.67
5719, 0.37
5720, 0.67
5721, 0.67
5722, 0.60
5723, 0.34
5724, 0.53
5725, 0.38
5726, 0.41
5727, 0.11
5728, 0.38
5729, 0.23
5730, 0.42
5731, 0.42
5732, 0.58
5733, 0.63
5734, 0.62
5735, 0.35
5736, 0.67
5737, 0.40
5738, 0.61
5739, 0.59
5740, 0.38
5741, 0.63
5742, 0.60
5743, 0.63
5744, 0.39
5745, 0.72
5746, 0.44
5747, 0.42
5748, 0.62
5749, 0.86
5750, 0.66
5751, 0.63
5752, 0.61
5753, 0.61
5754, 0.63
5755, 0.40
5756, 0.57
5757, 0.60
5758, 0.39
5759, 0.59
5760, 0.13
5761, 0.42
5762, 0.36
5763, 0.40
5764, 0.25
5765, 0.36
5766, 0.34
5767, 0.40
5768, 0.27
5769, 0.67
5770, 0.48
5771, 0.52
5772, 0.61
5773, 0.68
5774, 0.68
5775, 0.35
5776, 0.60
5777, 0.68
5778, 0.10
5779, 0.32
5780, 0.63
5781, 0.59
5782, 0.34
5783, 0.39
5784, 0.52
5785, 0.65
5786, 0.89
5787, 0.60
5788, 0.49
5789, 0.11
5790, 0.58
5791, 0.37
5792, 0.31
5793, 0.41
5794, 0.41
5795, 0.26
5796, 0.10
5797, 0.54
5798, 0.40
5799, 0.37
5800, 0.35
5801, 0.34
5802, 0.44
5803, 0.18
5804, 0.48
5805, 0.70
5806, 0.62
5807, 0.63
5808, 0.14
5809, 0.27
5810, 0.50
5811, 0.34
5812, 0.31
5813, 0.46
5814, 0.44
5815, 0.39
5816, 0.36
5817, 0.45
5818, 0.87
5819, 0.73
5820, 0.63
5821, 0.40
5822, 0.33
5823, 0.29
5824, 0.54
5825, 0.73
5826, 0.59
5827, 0.38
5828, 0.34
5829, 0.38
5830, 0.60
5831, 0.39
5832, 0.78
5833, 0.64
5834, 0.38
5835, 0.15
5836, 0.18
5837, 0.41
5838, 0.37
5839, 0.52
5840, 0.15
5841, 0.34
5842, 0.65
5843, 0.68
5844, 0.38
5845, 0.94
5846, 0.45
5847, 0.23
5848, 0.60
5849, 0.29
5850, 0.30
5851, 0.36
5852, 0.63
5853, 0.33
5854, 0.36
5855, 0.70
5856, 0.63
5857, 0.65
5858, 0.57
5859, 0.50
5860, 0.37
5861, 0.35
5862, 0.61
5863, 0.70
5864, 0.91
5865, 0.44
5866, 0.64
5867, 0.70
5868, 0.55
5869, 0.51
5870, 0.39
5871, 0.42
5872, 0.66
5873, 0.62
5874, 0.60
5875, 0.30
5876, 0.14
5877, 0.85
5878, 0.67
5879, 0.57
5880, 0.44
5881, 0.29
5882, 0.11
5883, 0.91
5884, 0.60
5885, 0.35
5886, 0.35
5887, 0.60
5888, 0.58
5889, 0.60
5890, 0.66
5891, 0.28
5892, 0.31
5893, 0.53
5894, 0.63
5895, 0.59
5896, 0.68
5897, 0.65
5898, 0.39
5899, 0.53
5900, 0.63
5901, 0.30
5902, 0.61
5903, 0.44
5904, 0.15
5905, 0.61
5906, 0.34
5907, 0.39
5908, 0.51
5909, 0.53
5910, 0.70
5911, 0.37
5912, 0.54
5913, 0.92
5914, 0.60
5915, 0.19
5916, 0.50
5917, 0.41
5918, 0.20
5919, 0.70
5920, 0.38
5921, 0.67
5922, 0.69
5923, 0.61
5924, 0.37
5925, 0.30
5926, 0.69
5927, 0.14
5928, 0.65
5929, 0.40
5930, 0.42
5931, 0.38
5932, 0.63
5933, 0.69
5934, 0.55
5935, 0.38
5936, 0.10
5937, 0.68
5938, 0.39
5939, 0.52
5940, 0.15
5941, 0.69
5942, 0.37
5943, 0.50
5944, 0.59
5945, 0.93
5946, 0.61
5947, 0.60
5948, 0.35
5949, 0.67
5950, 0.16
5951, 0.42
5952, 0.34
5953, 0.15
5954, 0.47
5955, 0.61
5956, 0.36
5957, 0.13
5958, 0.55
5959, 0.62
5960, 0.57
5961, 0.65
5962, 0.38
5963, 0.70
5964, 0.60
5965, 0.39
5966, 0.66
5967, 0.38
5968, 0.58
5969, 0.31
5970, 0.64
5971, 0.59
5972, 0.85
5973, 0.55
5974, 0.57
5975, 0.33
5976, 0.35
5977, 0.13
5978, 0.42
5979, 0.63
5980, 0.43
5981, 0.66
5982, 0.39
5983, 0.40
5984, 0.62
5985, 0.40
5986, 0.71
5987, 0.36
5988, 0.86
5989, 0.61
5990, 0.66
5991, 0.68
5992, 0.50
5993, 0.38
5994, 0.65
5995, 0.69
5996, 0.59
5997, 0.35
5998, 0.61
5999, 0.63
6000, 0.70
6001, 0.37
6002, 0.69
6003, 0.78
6004, 0.55
6005, 0.36
6006, 0.42
6007, 0.53
6008, 0.63
6009, 0.66
6010, 0.36
6011, 0.57
6012, 0.35
6013, 0.40
6014, 0.41
6015, 0.45
6016, 0.38
6017, 0.64
6018, 0.67
6019, 0.64
6020, 0.62
6021, 0.30
6022, 0.13
6023, 0.38
6024, 0.33
6025, 0.57
6026, 0.53
6027, 0.67
6028, 0.39
6029, 0.30
6030, 0.49
6031, 0.27
6032, 0.94
6033, 0.34
6034, 0.40
6035, 0.58
6036, 0.94
6037, 0.37
6038, 0.39
6039, 0.30
6040, 0.38
6041, 0.41
6042, 0.61
6043, 0.70
6044, 0.42
6045, 0.39
6046, 0.51
6047, 0.65
6048, 0.45
6049, 0.49
6050, 0.69
6051, 0.38
6052, 0.63
6053, 0.69
6054, 0.42
6055, 0.39
6056, 0.60
6057, 0.42
6058, 0.89
6059, 0.65
6060, 0.65
6061, 0.42
6062, 0.63
6063, 0.49
6064, 0.38
6065, 0.68
6066, 0.41
6067, 0.60
6068, 0.37
6069, 0.62
6070, 0.40
6071, 0.68
6072, 0.55
6073, 0.62
6074, 0.58
6075, 0.30
6076, 0.26
6077, 0.61
6078, 0.41
6079, 0.39
6080, 0.29
6081, 0.38
6082, 0.65
6083, 0.66
6084, 0.40
6085, 0.58
6086, 0.55
6087, 0.34
6088, 0.41
6089, 0.43
6090, 0.34
6091, 0.67
6092, 0.17
6093, 0.52
6094, 0.57
6095, 0.44
6096, 0.39
6097, 0.63
6098, 0.37
6099, 0.43
6100, 0.74
6101, 0.56
6102, 0.53
6103, 0.68
6104, 0.08
6105, 0.47
6106, 0.48
6107, 0.35
6108, 0.50
6109, 0.54
6110, 0.36
6111, 0.67
6112, 0.16
6113, 0.35
6114, 0.59
6115, 0.43
6116, 0.39
6117, 0.41
6118, 0.37
6119, 0.62
6120, 0.26
6121, 0.84
6122, 0.37
6123, 0.13
6124, 0.34
6125, 0.42
6126, 0.44
6127, 0.61
6128, 0.38
6129, 0.55
6130, 0.31
6131, 0.68
6132, 0.34
6133, 0.44
6134, 0.25
6135, 0.64
6136, 0.60
6137, 0.44
6138, 0.60
6139, 0.85
6140, 0.43
6141, 0.61
6142, 0.68
6143, 0.30
6144, 0.34
6145, 0.43
6146, 0.45
6147, 0.53
6148, 0.61
6149, 0.25
6150, 0.69
6151, 0.59
6152, 0.58
6153, 0.47
6154, 0.67
6155, 0.41
6156, 0.11
6157, 0.45
6158, 0.55
6159, 0.18
6160, 0.56
6161, 0.35
6162, 0.46
6163, 0.39
6164, 0.38
6165, 0.42
6166, 0.37
6167, 0.32
6168, 0.62
6169, 0.34
6170, 0.65
6171, 0.69
6172, 0.34
6173, 0.47
6174, 0.55
6175, 0.69
6176, 0.57
6177, 0.59
6178, 0.39
6179, 0.59
6180, 0.68
6181, 0.13
6182, 0.93
6183, 0.68
6184, 0.37
6185, 0.73
6186, 0.48
6187, 0.43
6188, 0.39
6189, 0.94
6190, 0.67
6191, 0.40
6192, 0.45
6193, 0.63
6194, 0.40
6195, 0.65
6196, 0.69
6197, 0.94
6198, 0.57
6199, 0.50
6200, 0.38
6201, 0.72
6202, 0.22
6203, 0.37
6204, 0.93
6205, 0.60
6206, 0.85
6207, 0.34
6208, 0.30
6209, 0.18
6210, 0.59
6211, 0.64
6212, 0.57
6213, 0.11
6214, 0.43
6215, 0.32
6216, 0.62
6217, 0.59
6218, 0.36
6219, 0.69
6220, 0.55
6221, 0.56
6222, 0.53
6223, 0.67
6224, 0.61
6225, 0.64
6226, 0.75
6227, 0.38
6228, 0.43
6229, 0.90
6230, 0.94
6231, 0.57
6232, 0.09
6233, 0.44
6234, 0.66
6235, 0.38
6236, 0.38
6237, 0.56
6238, 0.61
6239, 0.63
6240, 0.60
6241, 0.42
6242, 0.69
6243, 0.66
6244, 0.50
6245, 0.53
6246, 0.70
6247, 0.59
6248, 0.39
6249, 0.31
6250, 0.68
6251, 0.61
6252, 0.55
6253, 0.41
6254, 0.49
6255, 0.36
6256, 0.35
6257, 0.40
6258, 0.42
6259, 0.37
6260, 0.66
6261, 0.60
6262, 0.47
6263, 0.64
6264, 0.12
6265, 0.43
6266, 0.90
6267, 0.43
6268, 0.76
6269, 0.32
6270, 0.36
6271, 0.40
6272, 0.23
6273, 0.14
6274, 0.29
6275, 0.36
6276, 0.62
6277, 0.49
6278, 0.38
6279, 0.55
6280, 0.92
6281, 0.11
6282, 0.37
6283, 0.41
6284, 0.66
6285, 0.43
6286, 0.42
6287, 0.36
6288, 0.67
6289, 0.23
6290, 0.64
6291, 0.57
6292, 0.53
6293, 0.59
6294, 0.35
6295, 0.70
6296, 0.91
6297, 0.38
6298, 0.16
6299, 0.86
6300, 0.36
6301, 0.38
6302, 0.22
6303, 0.15
6304, 0.93
6305, 0.40
6306, 0.73
6307, 0.71
6308, 0.26
6309, 0.30
6310, 0.58
6311, 0.40
6312, 0.34
6313, 0.42
6314, 0.49
6315, 0.59
6316, 0.85
6317, 0.36
6318, 0.60
6319, 0.59
6320, 0.73
6321, 0.46
6322, 0.39
6323, 0.61
6324, 0.67
6325, 0.57
6326, 0.39
6327, 0.60
6328, 0.41
6329, 0.54
6330, 0.44
6331, 0.58
6332, 0.61
6333, 0.41
6334, 0.38
6335, 0.67
6336, 0.45
6337, 0.31
6338, 0.57
6339, 0.33
6340, 0.43
6341, 0.41
6342, 0.56
6343, 0.50
6344, 0.91
6345, 0.54
6346, 0.90
6347, 0.63
6348, 0.65
6349, 0.38
6350, 0.50
6351, 0.37
6352, 0.68
6353, 0.60
6354, 0.33
6355, 0.68
6356, 0.39
6357, 0.63
6358, 0.23
6359, 0.74
6360, 0.88
6361, 0.15
6362, 0.44
6363, 0.68
6364, 0.62
6365, 0.40
6366, 0.36
6367, 0.60
6368, 0.14
6369, 0.70
6370, 0.37
6371, 0.61
6372, 0.42
6373, 0.65
6374, 0.38
6375, 0.35
6376, 0.91
6377, 0.35
6378, 0.62
6379, 0.63
6380, 0.46
6381, 0.38
6382, 0.30
6383, 0.44
6384, 0.53
6385, 0.36
6386, 0.30
6387, 0.27
6388, 0.62
6389, 0.39
6390, 0.50
6391, 0.64
6392, 0.51
6393, 0.71
6394, 0.37
6395, 0.59
6396, 0.88
6397, 0.10
6398, 0.36
6399, 0.36
6400, 0.60
6401, 0.37
6402, 0.37
6403, 0.64
6404, 0.84
6405, 0.35
6406, 0.37
6407, 0.67
6408, 0.39
6409, 0.37
6410, 0.29
6411, 0.30
6412, 0.43
6413, 0.20
6414, 0.39
6415, 0.51
6416, 0.38
6417, 0.11
6418, 0.37
6419, 0.40
6420, 0.45
6421, 0.50
6422, 0.11
6423, 0.41
6424, 0.51
6425, 0.38
6426, 0.63
6427, 0.61
6428, 0.35
6429, 0.63
6430, 0.69
6431, 0.13
6432, 0.65
6433, 0.45
6434, 0.55
6435, 0.60
6436, 0.36
6437, 0.63
6438, 0.62
6439, 0.51
6440, 0.55
6441, 0.38
6442, 0.34
6443, 0.31
6444, 0.22
6445, 0.56
6446, 0.36
6447, 0.39
6448, 0.63
6449, 0.65
6450, 0.14
6451, 0.35
6452, 0.38
6453, 0.73
6454, 0.50
6455, 0.52
6456, 0.61
6457, 0.26
6458, 0.54
6459, 0.39
6460, 0.45
6461, 0.43
6462, 0.25
6463, 0.22
6464, 0.45
6465, 0.24
6466, 0.57
6467, 0.36
6468, 0.63
6469, 0.46
6470, 0.30
6471, 0.82
6472, 0.59
6473, 0.52
6474, 0.36
6475, 0.60
6476, 0.92
6477, 0.32
6478, 0.40
6479, 0.51
6480, 0.48
6481, 0.39
6482, 0.55
6483, 0.53
6484, 0.65
6485, 0.60
6486, 0.14
6487, 0.66
6488, 0.90
6489, 0.14
6490, 0.60
6491, 0.59
6492, 0.42
6493, 0.46
6494, 0.59
6495, 0.37
6496, 0.69
6497, 0.39
6498, 0.37
6499, 0.66
6500, 0.39
6501, 0.64
6502, 0.59
6503, 0.54
6504, 0.40
6505, 0.64
6506, 0.36
6507, 0.39
6508, 0.45
6509, 0.42
6510, 0.61
6511, 0.58
6512, 0.68
6513, 0.60
6514, 0.38
6515, 0.39
6516, 0.64
6517, 0.62
6518, 0.33
6519, 0.59
6520, 0.18
6521, 0.49
6522, 0.45
6523, 0.58
6524, 0.65
6525, 0.33
6526, 0.45
6527, 0.55
6528, 0.68
6529, 0.38
6530, 0.69
6531, 0.62
6532, 0.36
6533, 0.57
6534, 0.48
6535, 0.08
6536, 0.69
6537, 0.36
6538, 0.37
6539, 0.75
6540, 0.42
6541, 0.39
6542, 0.53
6543, 0.67
6544, 0.64
6545, 0.38
6546, 0.56
6547, 0.56
6548, 0.63
6549, 0.63
6550, 0.41
6551, 0.60
6552, 0.14
6553, 0.76
6554, 0.53
6555, 0.35
6556, 0.29
6557, 0.36
6558, 0.46
6559, 0.37
6560, 0.17
6561, 0.39
6562, 0.38
6563, 0.40
6564, 0.50
6565, 0.57
6566, 0.18
6567, 0.90
6568, 0.68
6569, 0.40
6570, 0.39
6571, 0.40
6572, 0.63
6573, 0.38
6574, 0.64
6575, 0.63
6576, 0.37
6577, 0.33
6578, 0.74
6579, 0.25
6580, 0.38
6581, 0.33
6582, 0.58
6583, 0.55
6584, 0.44
6585, 0.59
6586, 0.41
6587, 0.10
6588, 0.55
6589, 0.20
6590, 0.34
6591, 0.33
6592, 0.66
6593, 0.31
6594, 0.57
6595, 0.56
6596, 0.37
6597, 0.66
6598, 0.39
6599, 0.54
6600, 0.41
6601, 0.63
6602, 0.42
6603, 0.33
6604, 0.68
6605, 0.38
6606, 0.44
6607, 0.34
6608, 0.36
6609, 0.40
6610, 0.55
6611, 0.40
6612, 0.15
6613, 0.42
6614, 0.62
6615, 0.68
6616, 0.14
6617, 0.67
6618, 0.20
6619, 0.78
6620, 0.29
6621, 0.41
6622, 0.37
6623, 0.26
6624, 0.61
6625, 0.37
6626, 0.70
6627, 0.58
6628, 0.45
6629, 0.44
6630, 0.89
6631, 0.60
6632, 0.66
6633, 0.72
6634, 0.55
6635, 0.60
6636, 0.49
6637, 0.87
6638, 0.59
6639, 0.93
6640, 0.63
6641, 0.64
6642, 0.54
6643, 0.12
6644, 0.36
6645, 0.64
6646, 0.12
6647, 0.53
6648, 0.40
6649, 0.16
6650, 0.49
6651, 0.77
6652, 0.34
6653, 0.39
6654, 0.38
6655, 0.36
6656, 0.58
6657, 0.42
6658, 0.66
6659, 0.34
6660, 0.65
6661, 0.67
6662, 0.34
6663, 0.36
6664, 0.63
6665, 0.43
6666, 0.64
6667, 0.41
6668, 0.45
6669, 0.43
6670, 0.47
6671, 0.91
6672, 0.40
6673, 0.40
6674, 0.67
6675, 0.53
6676, 0.81
6677, 0.63
6678, 0.53
6679, 0.46
6680, 0.42
6681, 0.42
6682, 0.66
6683, 0.50
6684, 0.33
6685, 0.65
6686, 0.32
6687, 0.41
6688, 0.74
6689, 0.68
6690, 0.35
6691, 0.37
6692, 0.57
6693, 0.40
6694, 0.60
6695, 0.42
6696, 0.90
6697, 0.28
6698, 0.33
6699, 0.34
6700, 0.43
6701, 0.64
6702, 0.19
6703, 0.17
6704, 0.46
6705, 0.53
6706, 0.39
6707, 0.35
6708, 0.32
6709, 0.66
6710, 0.15
6711, 0.75
6712, 0.59
6713, 0.37
6714, 0.38
6715, 0.34
6716, 0.64
6717, 0.28
6718, 0.33
6719, 0.31
6720, 0.52
6721, 0.69
6722, 0.58
6723, 0.65
6724, 0.64
6725, 0.50
6726, 0.56
6727, 0.57
6728, 0.37
6729, 0.69
6730, 0.45
6731, 0.34
6732, 0.70
6733, 0.35
6734, 0.67
6735, 0.43
6736, 0.37
6737, 0.41
6738, 0.64
6739, 0.36
6740, 0.38
6741, 0.40
6742, 0.32
6743, 0.11
6744, 0.62
6745, 0.62
6746, 0.41
6747, 0.32
6748, 0.37
6749, 0.87
6750, 0.32
6751, 0.13
6752, 0.67
6753, 0.38
6754, 0.55
6755, 0.40
6756, 0.61
6757, 0.76
6758, 0.60
6759, 0.50
6760, 0.62
6761, 0.16
6762, 0.41
6763, 0.68
6764, 0.37
6765, 0.14
6766, 0.60
6767, 0.43
6768, 0.63
6769, 0.57
6770, 0.84
6771, 0.40
6772, 0.48
6773, 0.13
6774, 0.67
6775, 0.73
6776, 0.63
6777, 0.52
6778, 0.34
6779, 0.55
6780, 0.38
6781, 0.64
6782, 0.63
6783, 0.61
6784, 0.82
6785, 0.30
6786, 0.33
6787, 0.44
6788, 0.61
6789, 0.69
6790, 0.51
6791, 0.35
6792, 0.69
6793, 0.22
6794, 0.33
6795, 0.44
6796, 0.68
6797, 0.37
6798, 0.67
6799, 0.39
6800, 0.61
6801, 0.90
6802, 0.41
6803, 0.44
6804, 0.36
6805, 0.90
6806, 0.65
6807, 0.38
6808, 0.41
6809, 0.42
6810, 0.12
6811, 0.46
6812, 0.38
6813, 0.60
6814, 0.24
6815, 0.39
6816, 0.69
6817, 0.37
6818, 0.55
6819, 0.45
6820, 0.58
6821, 0.56
6822, 0.32
6823, 0.68
6824, 0.32
6825, 0.50
6826, 0.70
6827, 0.12
6828, 0.58
6829, 0.62
6830, 0.28
6831, 0.67
6832, 0.40
6833, 0.91
6834, 0.31
6835, 0.52
6836, 0.36
6837, 0.39
6838, 0.39
6839, 0.36
6840, 0.42
6841, 0.39
6842, 0.41
6843, 0.68
6844, 0.53
6845, 0.40
6846, 0.33
6847, 0.68
6848, 0.54
6849, 0.41
6850, 0.42
6851, 0.24
6852, 0.58
6853, 0.27
6854, 0.52
6855, 0.37
6856, 0.45
6857, 0.59
6858, 0.44
6859, 0.57
6860, 0.41
6861, 0.66
6862, 0.68
6863, 0.38
6864, 0.67
6865, 0.18
6866, 0.72
6867, 0.47
6868, 0.45
6869, 0.44
6870, 0.40
6871, 0.56
6872, 0.60
6873, 0.63
6874, 0.65
6875, 0.40
6876, 0.59
6877, 0.28
6878, 0.35
6879, 0.60
6880, 0.38
6881, 0.65
6882, 0.64
6883, 0.68
6884, 0.68
6885, 0.59
6886, 0.29
6887, 0.57
6888, 0.45
6889, 0.41
6890, 0.88
6891, 0.43
6892, 0.88
6893, 0.39
6894, 0.68
6895, 0.69
6896, 0.52
6897, 0.88
6898, 0.63
6899, 0.64
6900, 0.68
6901, 0.36
6902, 0.32
6903, 0.14
6904, 0.34
6905, 0.64
6906, 0.42
6907, 0.24
6908, 0.31
6909, 0.49
6910, 0.63
6911, 0.61
6912, 0.59
6913, 0.38
6914, 0.36
6915, 0.50
6916, 0.32
6917, 0.41
6918, 0.33
6919, 0.41
6920, 0.38
6921, 0.39
6922, 0.67
6923, 0.34
6924, 0.35
6925, 0.60
6926, 0.45
6927, 0.33
6928, 0.45
6929, 0.56
6930, 0.25
6931, 0.42
6932, 0.65
6933, 0.44
6934, 0.58
6935, 0.44
6936, 0.70
6937, 0.43
6938, 0.40
6939, 0.11
6940, 0.69
6941, 0.46
6942, 0.32
6943, 0.51
6944, 0.34
6945, 0.62
6946, 0.52
6947, 0.72
6948, 0.38
6949, 0.69
6950, 0.39
6951, 0.69
6952, 0.43
6953, 0.54
6954, 0.59
6955, 0.63
6956, 0.12
6957, 0.23
6958, 0.12
6959, 0.64
6960, 0.40
6961, 0.94
6962, 0.15
6963, 0.66
6964, 0.39
6965, 0.66
6966, 0.56
6967, 0.33
6968, 0.39
6969, 0.31
6970, 0.12
6971, 0.24
6972, 0.35
6973, 0.32
6974, 0.51
6975, 0.36
6976, 0.58
6977, 0.15
6978, 0.38
6979, 0.49
6980, 0.44
6981, 0.10
6982, 0.33
6983, 0.68
6984, 0.35
6985, 0.08
6986, 0.34
6987, 0.45
6988, 0.40
6989, 0.53
6990, 0.38
6991, 0.60
6992, 0.22
6993, 0.71
6994, 0.69
6995, 0.62
6996, 0.41
6997, 0.68
6998, 0.40
6999, 0.31
7000, 0.69
7001, 0.45
7002, 0.40
7003, 0.74
7004, 0.67
7005, 0.56
7006, 0.62
7007, 0.36
7008, 0.43
7009, 0.67
7010, 0.37
7011, 0.52
7012, 0.42
7013, 0.61
7014, 0.67
7015, 0.43
7016, 0.53
7017, 0.58
7018, 0.38
7019, 0.43
7020, 0.39
7021, 0.57
7022, 0.13
7023, 0.51
7024, 0.66
7025, 0.30
7026, 0.48
7027, 0.36
7028, 0.35
7029, 0.34
7030, 0.37
7031, 0.65
7032, 0.66
7033, 0.36
7034, 0.90
7035, 0.58
7036, 0.43
7037, 0.36
7038, 0.41
7039, 0.71
7040, 0.61
7041, 0.61
7042, 0.35
7043, 0.51
7044, 0.57
7045, 0.37
7046, 0.63
7047, 0.25
7048, 0.46
7049, 0.46
7050, 0.40
7051, 0.56
7052, 0.30
7053, 0.32
7054, 0.45
7055, 0.42
7056, 0.62
7057, 0.65
7058, 0.39
7059, 0.14
7060, 0.36
7061, 0.38
7062, 0.39
7063, 0.59
7064, 0.52
7065, 0.69
7066, 0.65
7067, 0.39
7068, 0.53
7069, 0.61
7070, 0.44
7071, 0.40
7072, 0.92
7073, 0.13
7074, 0.56
7075, 0.37
7076, 0.39
7077, 0.13
7078, 0.52
7079, 0.69
7080, 0.90
7081, 0.66
7082, 0.37
7083, 0.46
7084, 0.54
7085, 0.35
7086, 0.37
7087, 0.68
7088, 0.43
7089, 0.37
7090, 0.51
7091, 0.71
7092, 0.41
7093, 0.36
7094, 0.10
7095, 0.39
7096, 0.44
7097, 0.37
7098, 0.63
7099, 0.62
7100, 0.66
7101, 0.60
7102, 0.73
7103, 0.58
7104, 0.40
7105, 0.48
7106, 0.61
7107, 0.30
7108, 0.37
7109, 0.43
7110, 0.43
7111, 0.45
7112, 0.50
7113, 0.45
7114, 0.44
7115, 0.56
7116, 0.67
7117, 0.17
7118, 0.72
7119, 0.52
7120, 0.58
7121, 0.46
7122, 0.60
7123, 0.88
7124, 0.35
7125, 0.33
7126, 0.52
7127, 0.65
7128, 0.67
7129, 0.42
7130, 0.62
7131, 0.60
7132, 0.57
7133, 0.38
7134, 0.40
7135, 0.39
7136, 0.35
7137, 0.10
7138, 0.46
7139, 0.44
7140, 0.36
7141, 0.35
7142, 0.14
7143, 0.27
7144, 0.27
7145, 0.62
7146, 0.32
7147, 0.52
7148, 0.60
7149, 0.61
7150, 0.66
7151, 0.37
7152, 0.26
7153, 0.57
7154, 0.63
7155, 0.62
7156, 0.58
7157, 0.48
7158, 0.39
7159, 0.39
7160, 0.55
7161, 0.17
7162, 0.41
7163, 0.29
7164, 0.72
7165, 0.44
7166, 0.92
7167, 0.30
7168, 0.25
7169, 0.53
7170, 0.71
7171, 0.39
7172, 0.38
7173, 0.25
7174, 0.60
7175, 0.33
7176, 0.49
7177, 0.63
7178, 0.37
7179, 0.69
7180, 0.89
7181, 0.58
7182, 0.24
7183, 0.94
7184, 0.61
7185, 0.44
7186, 0.41
7187, 0.33
7188, 0.30
7189, 0.41
7190, 0.66
7191, 0.35
7192, 0.65
7193, 0.35
7194, 0.40
7195, 0.48
7196, 0.34
7197, 0.22
7198, 0.58
7199, 0.40
7200, 0.88
7201, 0.65
7202, 0.40
7203, 0.61
7204, 0.40
7205, 0.40
7206, 0.28
7207, 0.32
7208, 0.46
7209, 0.60
7210, 0.35
7211, 0.58
7212, 0.23
7213, 0.73
7214, 0.60
7215, 0.38
7216, 0.92
7217, 0.92
7218, 0.67
7219, 0.63
7220, 0.58
7221, 0.70
7222, 0.90
7223, 0.35
7224, 0.38
7225, 0.68
7226, 0.33
7227, 0.50
7228, 0.55
7229, 0.27
7230, 0.55
7231, 0.39
7232, 0.53
7233, 0.39
7234, 0.39
7235, 0.14
7236, 0.38
7237, 0.40
7238, 0.29
7239, 0.54
7240, 0.51
7241, 0.41
7242, 0.64
7243, 0.63
7244, 0.64
7245, 0.54
7246, 0.38
7247, 0.52
7248, 0.51
7249, 0.39
7250, 0.64
7251, 0.43
7252, 0.75
7253, 0.39
7254, 0.59
7255, 0.66
7256, 0.37
7257, 0.38
7258, 0.86
7259, 0.61
7260, 0.53
7261, 0.20
7262, 0.72
7263, 0.44
7264, 0.35
7265, 0.53
7266, 0.53
7267, 0.69
7268, 0.37
7269, 0.83
7270, 0.27
7271, 0.40
7272, 0.61
7273, 0.54
7274, 0.63
7275, 0.86
7276, 0.65
7277, 0.58
7278, 0.66
7279, 0.36
7280, 0.63
7281, 0.54
7282, 0.53
7283, 0.33
7284, 0.43
7285, 0.74
7286, 0.42
7287, 0.63
7288, 0.60
7289, 0.67
7290, 0.63
7291, 0.46
7292, 0.34
7293, 0.74
7294, 0.49
7295, 0.36
7296, 0.90
7297, 0.42
7298, 0.68
7299, 0.61
7300, 0.36
7301, 0.32
7302, 0.40
7303, 0.58
7304, 0.09
7305, 0.71
7306, 0.41
7307, 0.40
7308, 0.17
7309, 0.27
7310, 0.70
7311, 0.52
7312, 0.65
7313, 0.37
7314, 0.56
7315, 0.63
7316, 0.56
7317, 0.65
7318, 0.58
7319, 0.40
7320, 0.34
7321, 0.45
7322, 0.62
7323, 0.48
7324, 0.67
7325, 0.66
7326, 0.40
7327, 0.42
7328, 0.68
7329, 0.44
7330, 0.65
7331, 0.38
7332, 0.27
7333, 0.39
7334, 0.47
7335, 0.65
7336, 0.37
7337, 0.37
7338, 0.40
7339, 0.60
7340, 0.34
7341, 0.35
7342, 0.90
7343, 0.40
7344, 0.52
7345, 0.13
7346, 0.38
7347, 0.64
7348, 0.51
7349, 0.94
7350, 0.22
7351, 0.51
7352, 0.66
7353, 0.53
7354, 0.92
7355, 0.69
7356, 0.65
7357, 0.31
7358, 0.33
7359, 0.44
7360, 0.65
7361, 0.76
7362, 0.69
7363, 0.59
7364, 0.74
7365, 0.36
7366, 0.62
7367, 0.86
7368, 0.64
7369, 0.32
7370, 0.39
7371, 0.35
7372, 0.53
7373, 0.66
7374, 0.60
7375, 0.34
7376, 0.68
7377, 0.41
7378, 0.47
7379, 0.66
7380, 0.67
7381, 0.61
7382, 0.53
7383, 0.74
7384, 0.68
7385, 0.13
7386, 0.60
7387, 0.38
7388, 0.63
7389, 0.64
7390, 0.39
7391, 0.66
7392, 0.56
7393, 0.59
7394, 0.91
7395, 0.41
7396, 0.57
7397, 0.36
7398, 0.25
7399, 0.23
7400, 0.39
7401, 0.93
7402, 0.37
7403, 0.32
7404, 0.39
7405, 0.62
7406, 0.39
7407, 0.59
7408, 0.37
7409, 0.38
7410, 0.51
7411, 0.13
7412, 0.55
7413, 0.10
7414, 0.62
7415, 0.65
7416, 0.07
7417, 0.66
7418, 0.35
7419, 0.36
7420, 0.66
7421, 0.37
