Id,Predicted
0, 4.44
1, 4.99
2, 4.24
3, 4.93
4, 5.01
5, 5.20
6, 4.44
7, 4.96
8, 4.96
9, 5.20
10, 5.24
11, 4.22
12, 4.96
13, 4.27
14, 5.01
15, 5.26
16, 4.99
17, 4.22
18, 5.25
19, 4.99
20, 4.96
21, 5.33
22, 4.44
23, 4.24
24, 4.96
25, 4.98
26, 4.25
27, 4.24
28, 5.25
29, 4.93
30, 4.39
31, 4.92
32, 5.27
33, 4.96
34, 4.63
35, 4.24
36, 5.27
37, 5.27
38, 4.43
39, 4.95
40, 5.25
41, 5.28
42, 4.98
43, 4.22
44, 5.26
45, 5.27
46, 5.25
47, 5.02
48, 4.41
49, 4.41
50, 4.98
51, 5.01
52, 5.20
53, 4.26
54, 5.21
55, 4.26
56, 4.32
57, 4.96
58, 5.28
59, 5.25
60, 4.44
61, 4.96
62, 5.20
63, 5.01
64, 5.27
65, 5.22
66, 4.96
67, 4.96
68, 5.22
69, 5.24
70, 4.44
71, 4.96
72, 4.97
73, 4.96
74, 5.26
75, 5.27
76, 4.44
77, 5.25
78, 4.96
79, 4.99
80, 5.26
81, 4.23
82, 4.44
83, 4.98
84, 4.27
85, 5.26
86, 4.27
87, 5.24
88, 5.23
89, 5.27
90, 5.24
91, 4.96
92, 4.96
93, 4.49
94, 5.01
95, 4.96
96, 5.28
97, 5.25
98, 5.30
99, 5.26
100, 4.27
101, 4.96
102, 5.04
103, 5.25
104, 4.41
105, 4.27
106, 4.21
107, 4.24
108, 4.96
109, 4.44
110, 5.22
111, 4.99
112, 4.90
113, 5.25
114, 4.22
115, 4.44
116, 4.27
117, 5.28
118, 4.98
119, 4.92
120, 5.20
121, 5.22
122, 4.32
123, 4.32
124, 4.40
125, 4.98
126, 4.37
127, 4.40
128, 5.26
129, 5.30
130, 5.03
131, 4.96
132, 5.20
133, 4.99
134, 4.96
135, 4.98
136, 4.99
137, 5.20
138, 5.27
139, 4.22
140, 5.26
141, 5.27
142, 4.96
143, 5.27
144, 5.01
145, 4.22
146, 5.25
147, 4.96
148, 5.02
149, 5.20
150, 5.21
151, 4.96
152, 5.20
153, 5.20
154, 4.27
155, 5.24
156, 5.22
157, 4.27
158, 5.25
159, 5.25
160, 4.44
161, 5.24
162, 5.28
163, 5.22
164, 4.39
165, 5.24
166, 4.99
167, 4.44
168, 4.99
169, 5.25
170, 4.53
171, 4.96
172, 5.25
173, 4.27
174, 4.27
175, 4.41
176, 4.38
177, 5.22
178, 4.27
179, 4.94
180, 5.25
181, 4.98
182, 4.98
183, 4.24
184, 4.94
185, 5.25
186, 4.96
187, 5.20
188, 4.27
189, 5.27
190, 4.27
191, 4.44
192, 5.22
193, 5.25
194, 4.93
195, 4.98
196, 4.41
197, 4.41
198, 5.01
199, 5.20
200, 4.26
201, 4.23
202, 4.41
203, 4.27
204, 5.25
205, 5.25
206, 5.20
207, 5.24
208, 5.29
209, 5.25
210, 4.94
211, 5.27
212, 4.96
213, 4.22
214, 4.96
215, 5.28
216, 4.44
217, 4.22
218, 5.25
219, 5.20
220, 5.27
221, 5.25
222, 4.99
223, 4.98
224, 4.95
225, 4.94
226, 5.25
227, 5.32
228, 4.35
229, 5.25
230, 4.98
231, 5.20
232, 4.94
233, 4.22
234, 5.02
235, 4.99
236, 5.28
237, 5.20
238, 4.22
239, 5.28
240, 4.96
241, 4.52
242, 4.99
243, 5.29
244, 5.24
245, 4.44
246, 4.98
247, 5.24
248, 4.99
249, 5.20
250, 4.98
251, 5.20
252, 4.27
253, 4.99
254, 5.25
255, 4.39
256, 5.28
257, 4.94
258, 4.22
259, 5.25
260, 5.20
261, 5.20
262, 4.98
263, 5.30
264, 5.27
265, 5.25
266, 5.27
267, 4.41
268, 5.25
269, 5.28
270, 4.44
271, 4.96
272, 4.41
273, 4.41
274, 5.26
275, 5.27
276, 5.02
277, 5.20
278, 5.22
279, 4.27
280, 5.27
281, 5.24
282, 4.96
283, 4.96
284, 4.44
285, 5.25
286, 4.96
287, 4.22
288, 5.30
289, 5.27
290, 4.96
291, 4.40
292, 4.98
293, 5.25
294, 4.94
295, 4.41
296, 5.24
297, 4.24
298, 5.22
299, 4.41
300, 4.96
301, 4.96
302, 5.27
303, 4.27
304, 4.96
305, 5.25
306, 4.44
307, 5.28
308, 4.24
309, 4.96
310, 4.27
311, 4.99
312, 4.96
313, 4.23
314, 5.25
315, 5.25
316, 4.94
317, 4.44
318, 4.96
319, 4.99
320, 4.51
321, 5.30
322, 5.20
323, 5.20
324, 4.94
325, 5.24
326, 4.38
327, 5.25
328, 4.24
329, 4.96
330, 4.99
331, 5.24
332, 5.20
333, 5.23
334, 5.27
335, 4.23
336, 4.99
337, 5.26
338, 4.96
339, 4.27
340, 4.22
341, 4.44
342, 5.25
343, 5.20
344, 5.30
345, 4.38
346, 5.20
347, 4.93
348, 4.24
349, 5.20
350, 4.98
351, 4.94
352, 4.25
353, 4.96
354, 5.26
355, 5.28
356, 5.20
357, 5.24
358, 4.96
359, 5.25
360, 4.92
361, 4.96
362, 4.41
363, 5.24
364, 4.39
365, 4.96
366, 4.39
367, 4.98
368, 4.41
369, 5.20
370, 4.23
371, 5.01
372, 5.20
373, 4.41
374, 5.29
375, 5.20
376, 4.96
377, 4.96
378, 4.96
379, 4.27
380, 4.96
381, 5.27
382, 4.99
383, 4.96
384, 4.27
385, 4.39
386, 5.24
387, 5.25
388, 4.99
389, 5.22
390, 4.96
391, 4.97
392, 4.27
393, 4.27
394, 4.96
395, 4.94
396, 4.96
397, 4.98
398, 4.93
399, 5.01
400, 4.94
401, 4.99
402, 4.44
403, 4.96
404, 5.20
405, 4.39
406, 5.20
407, 4.44
408, 5.20
409, 4.43
410, 5.02
411, 5.01
412, 4.97
413, 4.37
414, 5.20
415, 4.40
416, 4.94
417, 4.99
418, 5.27
419, 4.24
420, 4.40
421, 5.28
422, 4.27
423, 4.99
424, 5.01
425, 4.27
426, 4.97
427, 4.27
428, 4.96
429, 4.99
430, 4.27
431, 5.30
432, 4.96
433, 5.20
434, 4.96
435, 4.27
436, 4.50
437, 4.96
438, 4.21
439, 4.99
440, 5.01
441, 5.22
442, 4.96
443, 4.22
444, 4.94
445, 4.23
446, 4.98
447, 5.20
448, 4.94
449, 5.26
450, 4.43
451, 5.20
452, 4.93
453, 5.22
454, 4.90
455, 4.94
456, 5.25
457, 5.27
458, 4.41
459, 5.27
460, 4.96
461, 5.28
462, 4.99
463, 4.98
464, 5.01
465, 4.99
466, 4.44
467, 4.39
468, 5.26
469, 4.41
470, 4.22
471, 4.44
472, 4.96
473, 4.40
474, 5.26
475, 5.27
476, 4.98
477, 5.25
478, 4.99
479, 5.27
480, 4.44
481, 4.98
482, 4.98
483, 4.96
484, 5.04
485, 4.96
486, 5.22
487, 5.30
488, 5.25
489, 4.45
490, 4.94
491, 5.30
492, 4.44
493, 5.24
494, 4.99
495, 4.96
496, 4.99
497, 4.44
498, 5.01
499, 5.26
500, 5.27
501, 5.21
502, 5.20
503, 4.22
504, 4.38
505, 5.27
506, 4.25
507, 5.27
508, 4.27
509, 4.98
510, 4.44
511, 4.98
512, 5.25
513, 5.24
514, 5.27
515, 4.44
516, 5.20
517, 4.96
518, 5.25
519, 4.96
520, 4.96
521, 4.94
522, 5.20
523, 4.98
524, 4.41
525, 4.98
526, 5.25
527, 4.44
528, 4.96
529, 5.25
530, 5.24
531, 5.24
532, 4.40
533, 4.23
534, 5.28
535, 4.27
536, 5.26
537, 4.94
538, 4.44
539, 5.20
540, 4.96
541, 4.96
542, 5.24
543, 5.27
544, 4.96
545, 5.25
546, 5.01
547, 4.22
548, 4.96
549, 4.96
550, 4.94
551, 4.43
552, 5.01
553, 4.99
554, 4.50
555, 5.25
556, 4.99
557, 5.26
558, 4.27
559, 5.25
560, 4.98
561, 4.25
562, 5.27
563, 4.98
564, 4.96
565, 5.26
566, 4.55
567, 5.26
568, 4.99
569, 5.27
570, 4.96
571, 4.23
572, 5.25
573, 5.22
574, 4.99
575, 4.27
576, 5.24
577, 5.27
578, 5.24
579, 4.44
580, 5.25
581, 4.24
582, 5.26
583, 5.28
584, 4.22
585, 5.27
586, 5.20
587, 4.94
588, 4.99
589, 4.99
590, 4.44
591, 4.38
592, 5.25
593, 4.96
594, 5.24
595, 4.95
596, 5.25
597, 5.25
598, 5.28
599, 4.22
600, 4.98
601, 4.97
602, 5.28
603, 5.23
604, 4.96
605, 4.99
606, 5.28
607, 4.99
608, 5.01
609, 5.20
610, 4.27
611, 4.98
612, 5.24
613, 4.21
614, 4.24
615, 4.32
616, 4.44
617, 4.96
618, 4.99
619, 5.20
620, 5.26
621, 4.96
622, 4.25
623, 4.94
624, 4.98
625, 5.20
626, 4.27
627, 5.01
628, 4.96
629, 4.22
630, 5.25
631, 5.20
632, 5.20
633, 4.96
634, 4.96
635, 4.24
636, 5.27
637, 5.20
638, 5.27
639, 4.35
640, 5.20
641, 4.94
642, 4.96
643, 4.41
644, 5.24
645, 4.97
646, 4.92
647, 4.23
648, 5.04
649, 4.93
650, 4.26
651, 5.20
652, 5.24
653, 5.25
654, 4.96
655, 4.97
656, 5.26
657, 5.25
658, 5.27
659, 4.49
660, 4.98
661, 5.24
662, 4.22
663, 5.25
664, 5.26
665, 5.28
666, 4.22
667, 5.27
668, 4.39
669, 4.96
670, 5.20
671, 4.27
672, 4.98
673, 4.95
674, 5.22
675, 5.26
676, 4.99
677, 5.05
678, 5.20
679, 4.44
680, 5.26
681, 4.98
682, 4.96
683, 5.27
684, 4.63
685, 4.96
686, 5.27
687, 4.44
688, 4.90
689, 5.21
690, 5.26
691, 5.01
692, 4.44
693, 4.96
694, 4.41
695, 4.39
696, 4.41
697, 4.27
698, 5.20
699, 4.26
700, 4.44
701, 4.92
702, 4.96
703, 4.44
704, 5.21
705, 4.96
706, 5.28
707, 4.99
708, 5.24
709, 5.29
710, 5.30
711, 4.27
712, 4.41
713, 4.39
714, 4.41
715, 4.92
716, 4.99
717, 4.94
718, 4.98
719, 4.93
720, 4.98
721, 4.93
722, 4.99
723, 4.98
724, 4.92
725, 4.96
726, 4.41
727, 4.41
728, 4.44
729, 5.28
730, 4.96
731, 4.99
732, 4.23
733, 4.96
734, 5.02
735, 4.24
736, 5.24
737, 4.98
738, 4.24
739, 5.20
740, 4.27
741, 4.99
742, 4.22
743, 5.20
744, 4.98
745, 4.96
746, 5.25
747, 4.27
748, 4.98
749, 4.44
750, 4.96
751, 4.97
752, 4.39
753, 4.96
754, 4.27
755, 4.39
756, 4.41
757, 4.39
758, 4.99
759, 5.24
760, 5.02
761, 4.98
762, 4.96
763, 5.25
764, 4.96
765, 5.22
766, 5.28
767, 4.94
768, 5.04
769, 4.96
770, 5.25
771, 4.25
772, 4.39
773, 4.27
774, 4.39
775, 4.44
776, 4.41
777, 5.27
778, 4.96
779, 5.20
780, 4.27
781, 4.27
782, 5.25
783, 5.28
784, 4.37
785, 4.24
786, 4.96
787, 4.96
788, 4.96
789, 5.20
790, 5.24
791, 4.41
792, 4.23
793, 5.02
794, 4.27
795, 4.41
796, 5.24
797, 4.22
798, 4.39
799, 5.26
800, 4.96
801, 4.24
802, 4.41
803, 4.98
804, 4.26
805, 4.21
806, 5.20
807, 5.27
808, 4.98
809, 5.22
810, 4.33
811, 4.27
812, 4.99
813, 5.20
814, 4.24
815, 4.24
816, 5.02
817, 5.24
818, 4.90
819, 4.98
820, 5.25
821, 5.20
822, 4.95
823, 4.92
824, 4.96
825, 4.99
826, 4.99
827, 4.27
828, 5.26
829, 4.96
830, 4.99
831, 4.41
832, 5.25
833, 5.25
834, 4.40
835, 4.41
836, 4.44
837, 4.96
838, 4.38
839, 5.25
840, 5.27
841, 4.41
842, 4.39
843, 5.20
844, 5.20
845, 4.44
846, 4.44
847, 5.07
848, 5.25
849, 4.27
850, 5.02
851, 4.96
852, 5.30
853, 4.96
854, 4.25
855, 5.01
856, 4.21
857, 5.28
858, 4.27
859, 5.25
860, 4.44
861, 5.22
862, 5.24
863, 4.26
864, 4.27
865, 4.97
866, 4.99
867, 4.98
868, 4.96
869, 4.53
870, 5.30
871, 4.40
872, 4.96
873, 5.29
874, 5.24
875, 5.25
876, 5.26
877, 4.21
878, 4.96
879, 4.94
880, 4.27
881, 5.24
882, 4.96
883, 4.40
884, 4.94
885, 4.39
886, 5.26
887, 5.20
888, 4.41
889, 4.90
890, 5.26
891, 4.39
892, 4.44
893, 5.30
894, 5.29
895, 4.96
896, 5.20
897, 4.91
898, 5.26
899, 5.01
900, 5.25
901, 5.22
902, 5.20
903, 4.38
904, 5.27
905, 5.30
906, 5.24
907, 5.28
908, 5.20
909, 4.41
910, 4.95
911, 4.97
912, 5.28
913, 5.21
914, 5.25
915, 4.94
916, 4.40
917, 4.96
918, 4.24
919, 5.28
920, 4.41
921, 5.24
922, 4.40
923, 4.41
924, 4.22
925, 5.24
926, 5.27
927, 4.98
928, 4.98
929, 5.27
930, 5.25
931, 5.25
932, 4.98
933, 4.98
934, 4.39
935, 4.96
936, 4.44
937, 5.25
938, 5.27
939, 5.25
940, 5.25
941, 4.99
942, 4.96
943, 4.96
944, 4.93
945, 5.28
946, 4.39
947, 4.96
948, 5.04
949, 4.95
950, 5.27
951, 5.01
952, 5.21
953, 4.44
954, 5.24
955, 5.25
956, 4.96
957, 4.96
958, 4.96
959, 4.98
960, 4.99
961, 4.25
962, 4.96
963, 5.01
964, 4.27
965, 5.22
966, 5.20
967, 5.04
968, 5.24
969, 4.27
970, 4.96
971, 4.99
972, 4.97
973, 4.99
974, 5.25
975, 5.27
976, 4.37
977, 4.98
978, 4.25
979, 5.20
980, 5.25
981, 4.98
982, 5.24
983, 4.98
984, 5.22
985, 5.28
986, 5.26
987, 5.20
988, 4.24
989, 4.27
990, 5.20
991, 5.27
992, 5.28
993, 5.24
994, 4.99
995, 4.98
996, 4.27
997, 4.21
998, 5.20
999, 4.96
1000, 4.52
1001, 4.44
1002, 5.26
1003, 4.98
1004, 4.98
1005, 5.01
1006, 5.25
1007, 5.27
1008, 4.25
1009, 4.98
1010, 5.22
1011, 5.28
1012, 5.25
1013, 4.96
1014, 5.04
1015, 4.41
1016, 4.94
1017, 5.25
1018, 4.25
1019, 4.35
1020, 5.20
1021, 4.41
1022, 4.44
1023, 4.96
1024, 4.96
1025, 4.41
1026, 5.29
1027, 4.93
1028, 5.30
1029, 5.25
1030, 5.27
1031, 4.96
1032, 4.96
1033, 4.24
1034, 5.25
1035, 5.01
1036, 5.27
1037, 5.25
1038, 4.44
1039, 4.25
1040, 5.20
1041, 4.95
1042, 4.96
1043, 5.24
1044, 4.98
1045, 4.96
1046, 5.20
1047, 4.25
1048, 4.96
1049, 4.96
1050, 4.93
1051, 4.98
1052, 4.44
1053, 4.96
1054, 4.99
1055, 5.27
1056, 4.99
1057, 4.98
1058, 4.97
1059, 4.98
1060, 4.41
1061, 5.28
1062, 4.94
1063, 4.94
1064, 4.98
1065, 4.96
1066, 4.98
1067, 5.27
1068, 4.98
1069, 5.28
1070, 4.96
1071, 4.27
1072, 4.96
1073, 4.94
1074, 5.20
1075, 5.01
1076, 4.27
1077, 4.94
1078, 5.20
1079, 4.99
1080, 4.98
1081, 4.24
1082, 4.22
1083, 4.98
1084, 5.25
1085, 5.24
1086, 5.28
1087, 4.32
1088, 4.39
1089, 4.38
1090, 4.39
1091, 4.93
1092, 5.02
1093, 5.20
1094, 4.96
1095, 4.96
1096, 5.22
1097, 4.94
1098, 5.20
1099, 4.93
1100, 5.25
1101, 4.96
1102, 4.44
1103, 4.96
1104, 4.40
1105, 5.25
1106, 4.94
1107, 5.03
1108, 4.44
1109, 5.02
1110, 4.44
1111, 5.25
1112, 4.27
1113, 4.96
1114, 5.30
1115, 4.44
1116, 5.20
1117, 5.20
1118, 5.02
1119, 4.39
1120, 4.98
1121, 4.94
1122, 5.25
1123, 4.98
1124, 4.96
1125, 5.22
1126, 5.25
1127, 5.24
1128, 4.96
1129, 4.98
1130, 4.22
1131, 5.28
1132, 4.41
1133, 5.25
1134, 4.96
1135, 5.21
1136, 4.94
1137, 4.41
1138, 4.94
1139, 4.96
1140, 5.01
1141, 4.99
1142, 5.21
1143, 4.41
1144, 4.22
1145, 4.26
1146, 5.01
1147, 5.30
1148, 5.01
1149, 4.96
1150, 4.37
1151, 5.25
1152, 5.26
1153, 5.20
1154, 5.22
1155, 5.02
1156, 5.04
1157, 4.94
1158, 5.28
1159, 5.30
1160, 4.27
1161, 4.39
1162, 4.94
1163, 4.99
1164, 4.42
1165, 4.96
1166, 4.94
1167, 5.25
1168, 4.25
1169, 5.24
1170, 5.24
1171, 4.24
1172, 5.27
1173, 4.41
1174, 5.30
1175, 4.27
1176, 5.25
1177, 5.25
1178, 5.20
1179, 4.40
1180, 4.44
1181, 4.22
1182, 4.96
1183, 4.44
1184, 4.44
1185, 5.25
1186, 5.30
1187, 5.22
1188, 4.44
1189, 4.27
1190, 4.39
1191, 5.27
1192, 5.25
1193, 4.27
1194, 4.24
1195, 4.27
1196, 5.20
1197, 5.20
1198, 4.96
1199, 5.27
1200, 4.98
1201, 5.25
1202, 4.44
1203, 4.98
1204, 4.98
1205, 5.25
1206, 4.40
1207, 4.99
1208, 4.92
1209, 5.27
1210, 4.99
1211, 5.20
1212, 4.54
1213, 5.25
1214, 5.21
1215, 5.25
1216, 4.27
1217, 4.99
1218, 4.43
1219, 5.24
1220, 4.98
1221, 5.26
1222, 4.96
1223, 5.24
1224, 5.24
1225, 4.92
1226, 4.98
1227, 5.20
1228, 4.22
1229, 4.94
1230, 5.20
1231, 4.36
1232, 4.44
1233, 4.93
1234, 4.27
1235, 4.96
1236, 4.97
1237, 5.25
1238, 4.98
1239, 5.04
1240, 4.95
1241, 5.29
1242, 4.96
1243, 4.44
1244, 5.24
1245, 4.94
1246, 5.26
1247, 5.20
1248, 5.26
1249, 4.44
1250, 4.40
1251, 5.01
1252, 4.27
1253, 4.23
1254, 4.44
1255, 5.28
1256, 4.96
1257, 4.98
1258, 4.39
1259, 4.96
1260, 4.22
1261, 4.27
1262, 4.92
1263, 5.03
1264, 4.98
1265, 5.25
1266, 4.41
1267, 4.98
1268, 4.39
1269, 4.23
1270, 5.20
1271, 4.39
1272, 4.97
1273, 4.98
1274, 4.96
1275, 4.27
1276, 4.96
1277, 4.96
1278, 4.25
1279, 5.26
1280, 5.21
1281, 4.44
1282, 5.23
1283, 4.44
1284, 5.26
1285, 4.96
1286, 5.27
1287, 5.28
1288, 5.28
1289, 4.94
1290, 4.27
1291, 5.01
1292, 4.41
1293, 5.27
1294, 4.41
1295, 4.40
1296, 4.94
1297, 4.40
1298, 4.96
1299, 5.04
1300, 5.20
1301, 5.28
1302, 5.20
1303, 5.22
1304, 5.25
1305, 4.96
1306, 4.98
1307, 4.94
1308, 4.27
1309, 4.94
1310, 5.28
1311, 4.98
1312, 5.20
1313, 4.22
1314, 5.01
1315, 4.98
1316, 4.96
1317, 5.24
1318, 5.28
1319, 4.92
1320, 4.41
1321, 4.96
1322, 5.20
1323, 4.96
1324, 4.96
1325, 5.20
1326, 5.30
1327, 5.27
1328, 5.26
1329, 4.44
1330, 4.38
1331, 4.27
1332, 4.98
1333, 4.98
1334, 4.44
1335, 4.23
1336, 4.26
1337, 5.24
1338, 5.28
1339, 5.01
1340, 5.26
1341, 4.98
1342, 5.21
1343, 4.27
1344, 5.26
1345, 5.27
1346, 4.92
1347, 4.98
1348, 5.24
1349, 4.96
1350, 4.41
1351, 4.98
1352, 5.20
1353, 4.98
1354, 5.23
1355, 5.28
1356, 4.41
1357, 4.44
1358, 5.25
1359, 5.27
1360, 4.39
1361, 4.25
1362, 4.97
1363, 4.39
1364, 5.24
1365, 4.54
1366, 4.96
1367, 5.01
1368, 5.27
1369, 4.27
1370, 5.29
1371, 4.96
1372, 4.98
1373, 4.92
1374, 5.20
1375, 5.01
1376, 4.44
1377, 5.22
1378, 4.27
1379, 4.96
1380, 4.96
1381, 4.22
1382, 4.99
1383, 4.96
1384, 5.22
1385, 4.40
1386, 5.24
1387, 5.24
1388, 5.27
1389, 5.25
1390, 4.27
1391, 5.26
1392, 4.90
1393, 4.98
1394, 5.27
1395, 4.27
1396, 4.27
1397, 4.96
1398, 4.93
1399, 5.29
1400, 4.96
1401, 4.27
1402, 4.98
1403, 5.01
1404, 5.20
1405, 5.20
1406, 5.26
1407, 4.22
1408, 4.98
1409, 4.27
1410, 5.27
1411, 4.93
1412, 4.98
1413, 4.24
1414, 4.44
1415, 4.99
1416, 5.25
1417, 4.96
1418, 5.25
1419, 4.95
1420, 4.44
1421, 4.96
1422, 5.25
1423, 4.97
1424, 4.22
1425, 4.22
1426, 4.96
1427, 4.22
1428, 4.44
1429, 5.30
1430, 4.93
1431, 5.25
1432, 5.25
1433, 4.97
1434, 4.27
1435, 5.20
1436, 5.22
1437, 4.41
1438, 5.24
1439, 4.27
1440, 4.25
1441, 5.20
1442, 4.39
1443, 5.25
1444, 4.25
1445, 5.20
1446, 4.99
1447, 5.20
1448, 5.27
1449, 5.02
1450, 4.98
1451, 5.27
1452, 5.27
1453, 5.30
1454, 5.02
1455, 5.25
1456, 4.98
1457, 5.24
1458, 5.20
1459, 5.25
1460, 5.24
1461, 4.98
1462, 4.93
1463, 4.98
1464, 4.96
1465, 5.22
1466, 4.96
1467, 4.26
1468, 4.24
1469, 4.35
1470, 5.20
1471, 5.22
1472, 5.30
1473, 4.99
1474, 4.27
1475, 4.98
1476, 4.44
1477, 4.39
1478, 4.96
1479, 4.41
1480, 4.96
1481, 4.39
1482, 4.25
1483, 4.24
1484, 5.22
1485, 4.44
1486, 4.98
1487, 4.96
1488, 4.92
1489, 4.24
1490, 4.99
1491, 4.96
1492, 4.96
1493, 4.27
1494, 4.27
1495, 5.27
1496, 4.93
1497, 4.41
1498, 5.22
1499, 5.20
1500, 5.24
1501, 4.96
1502, 4.92
1503, 5.27
1504, 5.29
1505, 5.02
1506, 5.25
1507, 4.41
1508, 4.40
1509, 5.25
1510, 4.22
1511, 4.98
1512, 5.20
1513, 4.22
1514, 4.98
1515, 4.41
1516, 4.22
1517, 4.44
1518, 4.22
1519, 4.92
1520, 5.30
1521, 5.26
1522, 4.22
1523, 4.98
1524, 4.23
1525, 4.22
1526, 5.01
1527, 5.20
1528, 4.28
1529, 4.40
1530, 4.96
1531, 5.04
1532, 4.99
1533, 4.96
1534, 5.25
1535, 4.94
1536, 4.98
1537, 5.25
1538, 4.98
1539, 4.96
1540, 4.27
1541, 4.98
1542, 4.25
1543, 4.96
1544, 4.27
1545, 5.26
1546, 4.39
1547, 5.25
1548, 5.25
1549, 4.44
1550, 5.20
1551, 5.28
1552, 4.97
1553, 5.25
1554, 4.98
1555, 5.22
1556, 5.20
1557, 4.98
1558, 5.28
1559, 5.22
1560, 5.27
1561, 4.96
1562, 4.99
1563, 4.99
1564, 4.98
1565, 5.27
1566, 4.23
1567, 4.44
1568, 4.38
1569, 5.26
1570, 5.24
1571, 4.95
1572, 5.27
1573, 4.99
1574, 5.22
1575, 5.20
1576, 5.29
1577, 4.96
1578, 5.26
1579, 5.24
1580, 4.99
1581, 5.27
1582, 4.99
1583, 4.39
1584, 4.98
1585, 4.93
1586, 4.98
1587, 4.22
1588, 4.40
1589, 5.01
1590, 4.38
1591, 4.98
1592, 4.96
1593, 4.44
1594, 4.39
1595, 4.98
1596, 4.24
1597, 4.41
1598, 4.98
1599, 5.21
1600, 5.02
1601, 4.97
1602, 4.44
1603, 5.25
1604, 5.25
1605, 5.02
1606, 4.24
1607, 4.39
1608, 4.96
1609, 4.96
1610, 4.38
1611, 4.22
1612, 4.44
1613, 5.01
1614, 5.26
1615, 4.98
1616, 4.39
1617, 4.41
1618, 4.39
1619, 4.94
1620, 4.98
1621, 5.25
1622, 5.01
1623, 4.99
1624, 4.40
1625, 4.27
1626, 4.96
1627, 4.44
1628, 5.25
1629, 4.41
1630, 4.40
1631, 4.96
1632, 4.93
1633, 5.24
1634, 4.39
1635, 5.25
1636, 5.27
1637, 5.22
1638, 5.24
1639, 5.27
1640, 5.01
1641, 4.44
1642, 5.01
1643, 5.26
1644, 4.23
1645, 4.94
1646, 5.22
1647, 5.26
1648, 4.44
1649, 5.01
1650, 4.96
1651, 4.52
1652, 5.20
1653, 5.01
1654, 4.98
1655, 4.96
1656, 5.25
1657, 5.22
1658, 5.25
1659, 4.27
1660, 4.96
1661, 4.99
1662, 4.27
1663, 4.27
1664, 5.26
1665, 4.98
1666, 5.24
1667, 4.41
1668, 5.24
1669, 5.24
1670, 4.44
1671, 4.96
1672, 4.38
1673, 4.25
1674, 4.41
1675, 5.20
1676, 5.27
1677, 5.20
1678, 4.93
1679, 5.27
1680, 4.98
1681, 5.01
1682, 4.99
1683, 4.98
1684, 4.22
1685, 4.22
1686, 5.24
1687, 4.96
1688, 4.99
1689, 4.96
1690, 4.23
1691, 4.44
1692, 4.96
1693, 5.02
1694, 4.27
1695, 4.44
1696, 4.96
1697, 5.26
1698, 4.27
1699, 4.44
1700, 4.96
1701, 4.96
1702, 4.98
1703, 5.30
1704, 5.24
1705, 4.27
1706, 4.98
1707, 5.26
1708, 4.96
1709, 4.22
1710, 5.01
1711, 4.94
1712, 4.44
1713, 4.64
1714, 4.44
1715, 4.93
1716, 5.01
1717, 4.24
1718, 5.01
1719, 4.44
1720, 4.41
1721, 5.28
1722, 4.24
1723, 4.22
1724, 5.20
1725, 4.44
1726, 4.98
1727, 5.25
1728, 5.27
1729, 5.29
1730, 4.92
1731, 5.28
1732, 5.25
1733, 4.44
1734, 5.24
1735, 4.44
1736, 4.44
1737, 4.92
1738, 5.26
1739, 4.97
1740, 4.98
1741, 4.27
1742, 5.27
1743, 4.99
1744, 5.20
1745, 4.96
1746, 5.27
1747, 4.27
1748, 4.22
1749, 4.22
1750, 4.27
1751, 4.94
1752, 4.22
1753, 5.25
1754, 4.96
1755, 4.39
1756, 4.92
1757, 5.27
1758, 4.99
1759, 4.27
1760, 5.25
1761, 4.41
1762, 5.01
1763, 4.25
1764, 4.27
1765, 5.22
1766, 4.26
1767, 5.27
1768, 4.35
1769, 4.43
1770, 4.96
1771, 4.96
1772, 4.96
1773, 4.96
1774, 5.25
1775, 4.96
1776, 4.96
1777, 4.98
1778, 4.54
1779, 4.92
1780, 4.98
1781, 4.54
1782, 4.98
1783, 4.22
1784, 4.99
1785, 5.25
1786, 4.39
1787, 5.26
1788, 4.96
1789, 4.96
1790, 5.25
1791, 4.99
1792, 4.41
1793, 4.98
1794, 4.98
1795, 5.20
1796, 5.20
1797, 4.27
1798, 4.96
1799, 4.99
1800, 4.95
1801, 5.28
1802, 4.27
1803, 4.40
1804, 4.90
1805, 4.37
1806, 4.96
1807, 4.98
1808, 4.22
1809, 4.96
1810, 4.98
1811, 4.22
1812, 4.22
1813, 5.25
1814, 5.24
1815, 4.22
1816, 4.99
1817, 4.40
1818, 4.44
1819, 5.28
1820, 4.39
1821, 4.25
1822, 5.27
1823, 4.99
1824, 5.21
1825, 4.96
1826, 4.24
1827, 5.20
1828, 5.22
1829, 4.96
1830, 4.40
1831, 4.96
1832, 4.98
1833, 4.99
1834, 5.24
1835, 5.23
1836, 5.28
1837, 4.96
1838, 4.95
1839, 5.24
1840, 4.90
1841, 4.98
1842, 5.25
1843, 5.24
1844, 5.24
1845, 5.25
1846, 5.24
1847, 5.22
1848, 5.25
1849, 5.28
1850, 4.27
1851, 4.27
1852, 4.23
1853, 4.22
1854, 4.40
1855, 4.96
1856, 4.27
1857, 5.20
1858, 5.00
1859, 4.95
1860, 5.20
1861, 5.20
1862, 5.27
1863, 5.20
1864, 4.96
1865, 4.44
1866, 4.44
1867, 5.20
1868, 4.92
1869, 4.95
1870, 4.92
1871, 5.25
1872, 4.41
1873, 4.98
1874, 5.24
1875, 4.63
1876, 5.27
1877, 4.96
1878, 5.24
1879, 5.30
1880, 4.98
1881, 4.98
1882, 4.25
1883, 5.20
1884, 5.25
1885, 5.20
1886, 4.41
1887, 4.98
1888, 5.28
1889, 5.24
1890, 5.20
1891, 4.27
1892, 5.26
1893, 4.23
1894, 5.02
1895, 4.27
1896, 4.26
1897, 5.20
1898, 4.91
1899, 5.31
1900, 4.44
1901, 4.22
1902, 4.98
1903, 4.98
1904, 4.96
1905, 4.23
1906, 5.28
1907, 5.26
1908, 4.27
1909, 4.22
1910, 4.94
1911, 5.27
1912, 4.98
1913, 5.27
1914, 4.27
1915, 4.92
1916, 4.27
1917, 5.27
1918, 4.44
1919, 4.96
1920, 5.27
1921, 4.99
1922, 4.44
1923, 4.27
1924, 5.27
1925, 4.96
1926, 4.44
1927, 5.25
1928, 4.27
1929, 4.23
1930, 4.98
1931, 5.24
1932, 5.02
1933, 4.44
1934, 4.44
1935, 5.28
1936, 5.25
1937, 5.21
1938, 4.41
1939, 5.24
1940, 5.25
1941, 4.96
1942, 5.26
1943, 4.44
1944, 4.98
1945, 4.22
1946, 5.25
1947, 5.20
1948, 5.28
1949, 5.30
1950, 4.96
1951, 5.25
1952, 4.22
1953, 4.98
1954, 4.27
1955, 4.97
1956, 4.22
1957, 5.20
1958, 4.27
1959, 4.27
1960, 5.02
1961, 4.99
1962, 5.20
1963, 4.27
1964, 4.98
1965, 5.25
1966, 5.25
1967, 5.22
1968, 5.22
1969, 4.26
1970, 5.01
1971, 4.49
1972, 4.93
1973, 4.98
1974, 5.25
1975, 4.39
1976, 5.21
1977, 5.20
1978, 4.98
1979, 4.41
1980, 4.25
1981, 4.96
1982, 4.40
1983, 4.44
1984, 5.25
1985, 5.25
1986, 5.27
1987, 4.98
1988, 5.27
1989, 4.27
1990, 4.38
1991, 5.24
1992, 4.44
1993, 4.27
1994, 4.25
1995, 4.43
1996, 5.27
1997, 4.98
1998, 4.39
1999, 5.26
2000, 4.96
2001, 4.99
2002, 4.94
2003, 4.96
2004, 5.27
2005, 5.27
2006, 4.40
2007, 5.27
2008, 4.22
2009, 4.93
2010, 4.98
2011, 5.25
2012, 4.22
2013, 4.94
2014, 4.96
2015, 4.96
2016, 5.27
2017, 5.21
2018, 4.39
2019, 4.44
2020, 4.96
2021, 4.96
2022, 4.24
2023, 4.98
2024, 5.21
2025, 5.28
2026, 4.22
2027, 4.98
2028, 5.25
2029, 4.98
2030, 5.20
2031, 4.41
2032, 5.26
2033, 4.98
2034, 5.25
2035, 5.20
2036, 5.28
2037, 5.20
2038, 4.22
2039, 4.44
2040, 5.01
2041, 4.91
2042, 5.25
2043, 4.27
2044, 4.27
2045, 5.25
2046, 5.27
2047, 5.26
2048, 5.24
2049, 4.27
2050, 4.90
2051, 5.20
2052, 5.20
2053, 4.22
2054, 4.96
2055, 4.96
2056, 5.25
2057, 4.96
2058, 4.37
2059, 4.98
2060, 5.20
2061, 5.24
2062, 5.21
2063, 4.44
2064, 4.44
2065, 4.96
2066, 5.20
2067, 4.27
2068, 5.20
2069, 4.99
2070, 5.25
2071, 4.27
2072, 5.20
2073, 4.94
2074, 4.44
2075, 5.20
2076, 5.25
2077, 4.96
2078, 4.98
2079, 4.27
2080, 4.39
2081, 5.30
2082, 4.41
2083, 4.90
2084, 4.44
2085, 5.20
2086, 5.20
2087, 4.99
2088, 5.25
2089, 5.24
2090, 4.96
2091, 4.27
2092, 4.44
2093, 4.27
2094, 4.26
2095, 4.44
2096, 5.25
2097, 5.22
2098, 4.96
2099, 4.94
2100, 5.20
2101, 5.25
2102, 4.96
2103, 4.51
2104, 5.20
2105, 5.28
2106, 5.27
2107, 5.26
2108, 5.27
2109, 4.44
2110, 5.01
2111, 4.96
2112, 5.27
2113, 5.26
2114, 4.99
2115, 5.27
2116, 5.27
2117, 4.44
2118, 5.20
2119, 4.44
2120, 5.02
2121, 4.28
2122, 4.27
2123, 4.41
2124, 4.93
2125, 4.94
2126, 4.96
2127, 4.39
2128, 4.27
2129, 4.93
2130, 4.37
2131, 5.24
2132, 4.98
2133, 5.29
2134, 5.01
2135, 4.44
2136, 4.52
2137, 5.01
2138, 4.99
2139, 4.27
2140, 5.22
2141, 5.26
2142, 5.21
2143, 5.02
2144, 5.25
2145, 4.27
2146, 5.24
2147, 4.22
2148, 4.94
2149, 5.22
2150, 4.98
2151, 5.24
2152, 5.25
2153, 5.28
2154, 4.99
2155, 4.98
2156, 5.28
2157, 4.96
2158, 4.96
2159, 4.64
2160, 5.26
2161, 4.96
2162, 4.44
2163, 4.99
2164, 5.20
2165, 4.26
2166, 5.26
2167, 4.41
2168, 4.98
2169, 5.00
2170, 5.20
2171, 4.96
2172, 5.01
2173, 4.23
2174, 5.27
2175, 4.27
2176, 4.39
2177, 4.40
2178, 5.25
2179, 4.97
2180, 4.44
2181, 4.96
2182, 5.27
2183, 4.39
2184, 4.43
2185, 4.96
2186, 4.27
2187, 5.22
2188, 4.96
2189, 5.24
2190, 4.99
2191, 5.20
2192, 4.96
2193, 5.27
2194, 5.01
2195, 5.22
2196, 5.27
2197, 5.02
2198, 4.33
2199, 4.22
2200, 4.94
2201, 4.96
2202, 5.27
2203, 5.28
2204, 4.27
2205, 5.20
2206, 4.99
2207, 5.24
2208, 5.01
2209, 4.99
2210, 5.29
2211, 5.03
2212, 4.23
2213, 4.93
2214, 5.01
2215, 4.97
2216, 5.04
2217, 4.99
2218, 4.27
2219, 4.27
2220, 4.40
2221, 5.24
2222, 4.98
2223, 4.92
2224, 5.20
2225, 5.26
2226, 5.22
2227, 4.44
2228, 4.95
2229, 4.96
2230, 4.96
2231, 5.25
2232, 5.02
2233, 4.22
2234, 4.94
2235, 4.39
2236, 4.92
2237, 5.26
2238, 4.96
2239, 4.39
2240, 5.28
2241, 4.96
2242, 4.37
2243, 4.98
2244, 5.24
2245, 5.26
2246, 4.96
2247, 5.20
2248, 4.98
2249, 5.27
2250, 5.24
2251, 4.96
2252, 4.41
2253, 4.41
2254, 5.02
2255, 5.27
2256, 5.24
2257, 4.99
2258, 4.96
2259, 5.20
2260, 5.29
2261, 4.99
2262, 5.20
2263, 5.21
2264, 5.03
2265, 4.95
2266, 4.44
2267, 5.20
2268, 4.98
2269, 5.25
2270, 4.98
2271, 4.96
2272, 5.24
2273, 4.96
2274, 5.25
2275, 4.95
2276, 4.96
2277, 4.27
2278, 4.96
2279, 5.20
2280, 4.96
2281, 4.27
2282, 4.39
2283, 4.27
2284, 4.22
2285, 5.27
2286, 5.22
2287, 5.27
2288, 5.27
2289, 5.28
2290, 5.26
2291, 4.24
2292, 5.01
2293, 4.98
2294, 4.96
2295, 4.99
2296, 4.98
2297, 5.26
2298, 4.41
2299, 5.22
2300, 5.30
2301, 4.92
2302, 4.99
2303, 4.24
2304, 4.44
2305, 5.22
2306, 4.92
2307, 4.25
2308, 4.27
2309, 4.38
2310, 4.22
2311, 5.28
2312, 4.27
2313, 4.44
2314, 4.23
2315, 4.98
2316, 5.32
2317, 5.24
2318, 5.25
2319, 4.40
2320, 4.40
2321, 5.27
2322, 5.24
2323, 5.25
2324, 4.94
2325, 4.93
2326, 5.20
2327, 5.20
2328, 4.41
2329, 5.20
2330, 5.25
2331, 5.28
2332, 4.39
2333, 5.29
2334, 4.22
2335, 4.96
2336, 4.98
2337, 4.43
2338, 4.22
2339, 4.94
2340, 4.96
2341, 4.94
2342, 5.22
2343, 4.98
2344, 5.25
2345, 4.94
2346, 4.41
2347, 4.27
2348, 5.28
2349, 5.25
2350, 4.96
2351, 4.98
2352, 4.94
2353, 4.98
2354, 5.26
2355, 4.24
2356, 5.20
2357, 5.27
2358, 4.98
2359, 5.24
2360, 5.25
2361, 5.27
2362, 5.24
2363, 4.97
2364, 4.24
2365, 4.96
2366, 5.20
2367, 4.99
2368, 4.96
2369, 4.40
2370, 4.98
2371, 5.24
2372, 4.94
2373, 5.25
2374, 4.94
2375, 4.96
2376, 4.96
2377, 5.25
2378, 4.27
2379, 4.44
2380, 4.27
2381, 5.22
2382, 4.44
2383, 4.27
2384, 5.24
2385, 5.30
2386, 4.25
2387, 5.26
2388, 5.25
2389, 4.96
2390, 4.94
2391, 4.99
2392, 5.27
2393, 4.94
2394, 5.20
2395, 4.41
2396, 5.21
2397, 4.96
2398, 5.01
2399, 5.23
2400, 4.35
2401, 5.26
2402, 5.24
2403, 4.98
2404, 5.22
2405, 4.24
2406, 4.24
2407, 5.01
2408, 4.98
2409, 4.99
2410, 4.22
2411, 4.44
2412, 5.24
2413, 4.93
2414, 5.25
2415, 4.21
2416, 5.25
2417, 5.20
2418, 4.96
2419, 5.01
2420, 4.27
2421, 4.96
2422, 4.40
2423, 5.28
2424, 5.27
2425, 4.93
2426, 4.94
2427, 5.25
2428, 4.26
2429, 5.25
2430, 5.25
2431, 4.41
2432, 5.30
2433, 5.01
2434, 4.96
2435, 5.28
2436, 5.29
2437, 4.96
2438, 5.25
2439, 4.98
2440, 5.20
2441, 4.99
2442, 4.23
2443, 4.22
2444, 4.90
2445, 5.25
2446, 4.98
2447, 4.94
2448, 4.97
2449, 4.39
2450, 5.24
2451, 4.22
2452, 5.26
2453, 5.20
2454, 4.96
2455, 4.98
2456, 5.01
2457, 4.41
2458, 4.97
2459, 4.41
2460, 4.98
2461, 4.98
2462, 5.24
2463, 5.27
2464, 5.01
2465, 4.22
2466, 5.20
2467, 4.98
2468, 4.96
2469, 5.22
2470, 4.43
2471, 4.99
2472, 4.98
2473, 4.22
2474, 4.94
2475, 4.96
2476, 4.96
2477, 4.94
2478, 5.22
2479, 5.04
2480, 4.94
2481, 5.28
2482, 5.26
2483, 5.24
2484, 4.93
2485, 5.20
2486, 4.23
2487, 4.40
2488, 5.25
2489, 4.94
2490, 5.27
2491, 5.22
2492, 4.27
2493, 4.45
2494, 4.22
2495, 5.22
2496, 5.25
2497, 4.41
2498, 4.96
2499, 4.96
2500, 5.25
2501, 5.25
2502, 5.20
2503, 5.02
2504, 4.96
2505, 5.22
2506, 5.27
2507, 4.25
2508, 5.22
2509, 4.96
2510, 5.26
2511, 4.96
2512, 4.24
2513, 4.96
2514, 4.98
2515, 4.64
2516, 5.26
2517, 4.98
2518, 5.25
2519, 4.98
2520, 4.94
2521, 4.22
2522, 4.38
2523, 4.96
2524, 4.96
2525, 4.23
2526, 5.20
2527, 4.27
2528, 4.44
2529, 4.96
2530, 4.27
2531, 5.25
2532, 4.44
2533, 4.24
2534, 5.27
2535, 5.24
2536, 4.98
2537, 5.25
2538, 4.96
2539, 4.27
2540, 4.96
2541, 4.95
2542, 4.98
2543, 5.24
2544, 5.26
2545, 4.96
2546, 5.20
2547, 5.01
2548, 4.44
2549, 4.98
2550, 5.01
2551, 4.98
2552, 5.24
2553, 4.98
2554, 4.97
2555, 4.41
2556, 5.25
2557, 4.43
2558, 4.22
2559, 4.27
2560, 5.26
2561, 5.20
2562, 5.01
2563, 4.98
2564, 5.25
2565, 4.98
2566, 5.25
2567, 4.96
2568, 5.22
2569, 4.96
2570, 4.96
2571, 5.20
2572, 4.96
2573, 5.29
2574, 4.94
2575, 4.94
2576, 4.44
2577, 5.01
2578, 4.94
2579, 4.94
2580, 4.97
2581, 4.96
2582, 5.24
2583, 4.27
2584, 5.25
2585, 4.39
2586, 4.39
2587, 4.44
2588, 5.20
2589, 5.20
2590, 5.28
2591, 4.99
2592, 5.01
2593, 4.96
2594, 5.25
2595, 4.39
2596, 4.99
2597, 4.24
2598, 5.28
2599, 5.21
2600, 4.93
2601, 4.43
2602, 5.01
2603, 5.28
2604, 4.25
2605, 4.35
2606, 5.30
2607, 4.96
2608, 5.28
2609, 4.21
2610, 5.20
2611, 4.96
2612, 4.23
2613, 4.27
2614, 5.29
2615, 4.27
2616, 4.33
2617, 5.22
2618, 4.44
2619, 5.24
2620, 4.98
2621, 5.28
2622, 4.98
2623, 5.25
2624, 4.92
2625, 4.53
2626, 5.24
2627, 4.96
2628, 5.24
2629, 4.97
2630, 5.24
2631, 4.44
2632, 4.25
2633, 5.27
2634, 4.41
2635, 4.96
2636, 4.27
2637, 5.01
2638, 5.22
2639, 4.93
2640, 5.26
2641, 5.26
2642, 5.25
2643, 5.25
2644, 4.44
2645, 4.40
2646, 5.20
2647, 4.95
2648, 5.26
2649, 4.96
2650, 4.27
2651, 4.26
2652, 4.94
2653, 5.22
2654, 5.25
2655, 4.24
2656, 5.27
2657, 4.98
2658, 4.39
2659, 5.27
2660, 4.41
2661, 5.25
2662, 4.98
2663, 4.23
2664, 5.28
2665, 5.28
2666, 5.27
2667, 4.23
2668, 4.44
2669, 5.20
2670, 4.38
2671, 4.96
2672, 5.20
2673, 4.96
2674, 4.41
2675, 5.20
2676, 4.27
2677, 5.25
2678, 5.27
2679, 5.28
2680, 5.25
2681, 5.27
2682, 4.41
2683, 5.26
2684, 5.24
2685, 4.95
2686, 4.94
2687, 4.44
2688, 4.92
2689, 4.96
2690, 4.96
2691, 4.41
2692, 4.96
2693, 5.01
2694, 4.96
2695, 5.28
2696, 4.96
2697, 5.25
2698, 4.24
2699, 4.24
2700, 4.96
2701, 4.90
2702, 5.01
2703, 5.25
2704, 5.01
2705, 4.27
2706, 4.98
2707, 4.92
2708, 5.25
2709, 4.41
2710, 4.99
2711, 4.96
2712, 5.00
2713, 4.40
2714, 4.41
2715, 4.96
2716, 4.98
2717, 4.99
2718, 4.44
2719, 4.95
2720, 4.96
2721, 5.23
2722, 4.98
2723, 4.41
2724, 4.27
2725, 5.26
2726, 4.94
2727, 5.28
2728, 4.93
2729, 4.98
2730, 4.96
2731, 4.98
2732, 4.24
2733, 5.04
2734, 4.94
2735, 5.25
2736, 5.22
2737, 5.25
2738, 5.25
2739, 5.21
2740, 4.94
2741, 5.27
2742, 5.22
2743, 4.98
2744, 5.20
2745, 5.24
2746, 4.97
2747, 4.98
2748, 4.22
2749, 4.27
2750, 4.22
2751, 4.96
2752, 5.30
2753, 5.27
2754, 4.98
2755, 5.27
2756, 4.99
2757, 4.44
2758, 4.98
2759, 4.96
2760, 4.96
2761, 5.26
2762, 5.24
2763, 4.96
2764, 4.96
2765, 5.28
2766, 4.26
2767, 5.27
2768, 5.24
2769, 4.38
2770, 5.20
2771, 4.97
2772, 5.28
2773, 4.49
2774, 4.24
2775, 5.26
2776, 4.96
2777, 5.26
2778, 4.22
2779, 5.27
2780, 4.43
2781, 4.44
2782, 5.20
2783, 4.40
2784, 5.01
2785, 5.31
2786, 4.98
2787, 4.54
2788, 5.30
2789, 5.31
2790, 5.25
2791, 4.94
2792, 4.96
2793, 4.39
2794, 5.28
2795, 5.25
2796, 4.27
2797, 4.28
2798, 5.28
2799, 4.24
2800, 5.27
2801, 5.02
2802, 5.24
2803, 4.38
2804, 4.99
2805, 4.96
2806, 5.02
2807, 4.25
2808, 4.39
2809, 4.96
2810, 4.39
2811, 5.22
2812, 5.20
2813, 4.93
2814, 4.93
2815, 4.98
2816, 5.25
2817, 4.96
2818, 4.92
2819, 4.44
2820, 5.29
2821, 5.25
2822, 4.90
2823, 4.98
2824, 4.64
2825, 5.23
2826, 5.30
2827, 5.24
2828, 5.21
2829, 4.96
2830, 5.22
2831, 4.44
2832, 5.24
2833, 4.96
2834, 5.29
2835, 5.25
2836, 4.99
2837, 5.01
2838, 4.95
2839, 4.96
2840, 5.25
2841, 5.01
2842, 5.25
2843, 5.28
2844, 4.27
2845, 5.01
2846, 5.26
2847, 5.22
2848, 4.97
2849, 4.97
2850, 4.96
2851, 4.41
2852, 5.26
2853, 4.27
2854, 4.96
2855, 4.34
2856, 5.24
2857, 5.01
2858, 5.26
2859, 4.94
2860, 4.99
2861, 4.21
2862, 4.98
2863, 4.26
2864, 4.38
2865, 4.39
2866, 4.39
2867, 4.96
2868, 4.98
2869, 5.22
2870, 5.20
2871, 5.20
2872, 4.98
2873, 5.25
2874, 4.94
2875, 5.25
2876, 5.02
2877, 5.27
2878, 5.27
2879, 4.27
2880, 4.99
2881, 4.44
2882, 5.27
2883, 4.98
2884, 4.98
2885, 4.96
2886, 4.93
2887, 4.27
2888, 4.96
2889, 4.44
2890, 5.25
2891, 4.44
2892, 4.40
2893, 4.39
2894, 4.28
2895, 4.22
2896, 5.29
2897, 4.98
2898, 5.01
2899, 4.94
2900, 5.24
2901, 5.28
2902, 5.29
2903, 5.01
2904, 5.27
2905, 4.41
2906, 4.22
2907, 4.22
2908, 5.20
2909, 4.96
2910, 4.96
2911, 5.25
2912, 4.95
2913, 4.23
2914, 4.22
2915, 5.26
2916, 5.20
2917, 5.04
2918, 4.64
2919, 5.28
2920, 4.92
2921, 5.27
2922, 5.25
2923, 4.24
2924, 5.27
2925, 5.25
2926, 4.38
2927, 4.22
2928, 4.96
2929, 4.98
2930, 4.44
2931, 5.29
2932, 4.93
2933, 4.96
2934, 4.24
2935, 5.20
2936, 4.98
2937, 4.44
2938, 5.26
2939, 5.20
2940, 4.97
2941, 4.22
2942, 4.41
2943, 5.25
2944, 4.22
2945, 5.20
2946, 4.94
2947, 5.20
2948, 4.99
2949, 4.99
2950, 5.20
2951, 4.22
2952, 4.27
2953, 5.26
2954, 4.96
2955, 5.26
2956, 4.94
2957, 5.28
2958, 5.25
2959, 4.99
2960, 4.27
2961, 5.25
2962, 4.94
2963, 5.26
2964, 4.27
2965, 4.93
2966, 4.94
2967, 4.96
2968, 5.22
2969, 4.41
2970, 4.99
2971, 4.33
2972, 4.99
2973, 4.96
2974, 5.24
2975, 4.98
2976, 5.24
2977, 4.96
2978, 4.94
2979, 4.99
2980, 5.25
2981, 4.27
2982, 4.39
2983, 5.27
2984, 5.24
2985, 5.24
2986, 4.40
2987, 4.99
2988, 4.41
2989, 5.20
2990, 5.25
2991, 4.27
2992, 5.01
2993, 4.98
2994, 4.94
2995, 5.24
2996, 5.25
2997, 5.22
2998, 4.96
2999, 4.94
3000, 4.99
3001, 5.25
3002, 5.25
3003, 4.96
3004, 5.01
3005, 5.27
3006, 4.92
3007, 4.41
3008, 4.96
3009, 4.92
3010, 4.27
3011, 4.39
3012, 4.27
3013, 4.26
3014, 5.26
3015, 4.96
3016, 5.21
3017, 5.20
3018, 4.96
3019, 4.97
3020, 5.27
3021, 4.22
3022, 4.44
3023, 5.25
3024, 4.22
3025, 5.25
3026, 4.22
3027, 4.96
3028, 4.94
3029, 5.24
3030, 4.96
3031, 4.95
3032, 4.23
3033, 4.41
3034, 4.41
3035, 4.24
3036, 4.41
3037, 4.44
3038, 5.27
3039, 4.96
3040, 4.25
3041, 5.02
3042, 5.20
3043, 5.25
3044, 4.39
3045, 4.41
3046, 4.98
3047, 4.99
3048, 4.44
3049, 5.28
3050, 5.22
3051, 4.22
3052, 4.41
3053, 5.24
3054, 4.98
3055, 4.37
3056, 5.20
3057, 5.20
3058, 4.25
3059, 5.28
3060, 5.24
3061, 4.39
3062, 4.44
3063, 5.31
3064, 4.98
3065, 4.93
3066, 5.28
3067, 4.41
3068, 4.34
3069, 4.94
3070, 4.24
3071, 4.27
3072, 4.41
3073, 5.28
3074, 4.38
3075, 5.20
3076, 4.27
3077, 4.98
3078, 4.22
3079, 5.27
3080, 4.27
3081, 4.96
3082, 4.96
3083, 5.20
3084, 5.25
3085, 4.99
3086, 4.35
3087, 5.25
3088, 4.98
3089, 5.27
3090, 5.28
3091, 4.97
3092, 4.95
3093, 4.96
3094, 5.30
3095, 4.39
3096, 4.97
3097, 4.39
3098, 4.41
3099, 5.25
3100, 5.27
3101, 5.30
3102, 4.98
3103, 5.29
3104, 5.20
3105, 5.21
3106, 4.44
3107, 5.24
3108, 4.44
3109, 5.25
3110, 4.98
3111, 4.96
3112, 4.41
3113, 5.29
3114, 5.22
3115, 5.24
3116, 4.98
3117, 4.96
3118, 5.22
3119, 4.96
3120, 4.23
3121, 4.27
3122, 4.96
3123, 4.39
3124, 5.30
3125, 4.96
3126, 4.94
3127, 4.22
3128, 5.24
3129, 4.22
3130, 5.30
3131, 4.26
3132, 4.25
3133, 4.96
3134, 5.24
3135, 4.35
3136, 4.94
3137, 4.96
3138, 4.27
3139, 5.20
3140, 5.01
3141, 4.96
3142, 5.30
3143, 4.93
3144, 4.99
3145, 5.20
3146, 5.25
3147, 4.22
3148, 5.25
3149, 4.27
3150, 4.41
3151, 5.28
3152, 4.22
3153, 5.27
3154, 4.99
3155, 5.20
3156, 4.97
3157, 4.27
3158, 5.28
3159, 5.27
3160, 4.98
3161, 4.92
3162, 4.44
3163, 5.24
3164, 5.27
3165, 4.34
3166, 4.27
3167, 4.99
3168, 4.44
3169, 5.28
3170, 4.39
3171, 5.27
3172, 4.39
3173, 4.98
3174, 5.21
3175, 4.22
3176, 4.52
3177, 4.96
3178, 5.28
3179, 5.22
3180, 4.98
3181, 4.96
3182, 4.22
3183, 5.25
3184, 5.25
3185, 5.25
3186, 4.98
3187, 5.25
3188, 4.93
3189, 4.96
3190, 4.93
3191, 5.27
3192, 4.96
3193, 4.27
3194, 4.96
3195, 5.30
3196, 4.34
3197, 4.23
3198, 4.22
3199, 4.43
3200, 4.40
3201, 4.40
3202, 4.45
3203, 5.27
3204, 4.96
3205, 4.94
3206, 5.25
3207, 5.26
3208, 4.50
3209, 4.41
3210, 5.25
3211, 4.98
3212, 4.98
3213, 5.24
3214, 4.98
3215, 4.93
3216, 5.24
3217, 4.96
3218, 4.44
3219, 4.96
3220, 4.40
3221, 5.22
3222, 4.98
3223, 4.24
3224, 4.96
3225, 4.98
3226, 4.44
3227, 5.25
3228, 4.27
3229, 4.98
3230, 5.28
3231, 4.96
3232, 4.96
3233, 5.25
3234, 4.96
3235, 5.03
3236, 4.25
3237, 4.39
3238, 5.25
3239, 5.20
3240, 5.21
3241, 4.39
3242, 4.22
3243, 5.20
3244, 5.21
3245, 5.27
3246, 5.25
3247, 5.26
3248, 4.44
3249, 4.54
3250, 5.22
3251, 4.37
3252, 4.99
3253, 4.44
3254, 5.27
3255, 4.22
3256, 5.28
3257, 5.28
3258, 4.99
3259, 4.96
3260, 5.20
3261, 5.22
3262, 4.98
3263, 5.29
3264, 4.44
3265, 4.44
3266, 4.27
3267, 5.22
3268, 4.27
3269, 5.25
3270, 4.25
3271, 4.49
3272, 4.96
3273, 4.41
3274, 4.98
3275, 5.30
3276, 4.98
3277, 4.97
3278, 4.25
3279, 5.31
3280, 4.94
3281, 4.92
3282, 5.24
3283, 5.22
3284, 4.96
3285, 5.28
3286, 4.98
3287, 5.26
3288, 4.26
3289, 5.28
3290, 4.98
3291, 5.30
3292, 4.96
3293, 4.44
3294, 4.39
3295, 5.22
3296, 4.96
3297, 4.39
3298, 4.39
3299, 4.96
3300, 5.27
3301, 4.94
3302, 4.45
3303, 5.01
3304, 4.96
3305, 5.22
3306, 4.92
3307, 5.28
3308, 5.25
3309, 5.25
3310, 5.33
3311, 5.25
3312, 4.44
3313, 4.98
3314, 4.27
3315, 5.30
3316, 4.96
3317, 5.28
3318, 4.22
3319, 5.27
3320, 5.30
3321, 5.28
3322, 5.28
3323, 4.41
3324, 5.28
3325, 4.92
3326, 4.27
3327, 4.99
3328, 4.39
3329, 5.20
3330, 5.25
3331, 4.96
3332, 4.27
3333, 4.26
3334, 4.27
3335, 5.27
3336, 4.98
3337, 5.23
3338, 5.22
3339, 4.96
3340, 5.27
3341, 4.24
3342, 4.93
3343, 5.03
3344, 4.27
3345, 4.94
3346, 4.44
3347, 4.98
3348, 4.96
3349, 4.27
3350, 4.91
3351, 5.24
3352, 5.20
3353, 4.91
3354, 5.02
3355, 5.01
3356, 4.40
3357, 4.37
3358, 4.98
3359, 4.94
3360, 4.24
3361, 5.27
3362, 4.96
3363, 4.21
3364, 4.52
3365, 4.96
3366, 5.24
3367, 4.41
3368, 5.20
3369, 4.44
3370, 4.39
3371, 5.02
3372, 4.96
3373, 5.25
3374, 5.25
3375, 5.24
3376, 4.92
3377, 4.95
3378, 4.96
3379, 4.96
3380, 5.20
3381, 5.27
3382, 5.01
3383, 5.30
3384, 5.20
3385, 5.24
3386, 5.27
3387, 4.35
3388, 4.25
3389, 4.94
3390, 5.22
3391, 5.25
3392, 4.24
3393, 5.04
3394, 5.21
3395, 4.39
3396, 4.96
3397, 4.96
3398, 5.22
3399, 4.38
3400, 4.98
3401, 5.20
3402, 4.41
3403, 4.96
3404, 4.98
3405, 4.40
3406, 4.96
3407, 5.20
3408, 5.20
3409, 5.24
3410, 5.27
3411, 4.98
3412, 5.30
3413, 4.44
3414, 5.26
3415, 4.96
3416, 5.20
3417, 5.30
3418, 4.96
3419, 4.98
3420, 5.01
3421, 5.20
3422, 5.28
3423, 5.20
3424, 4.97
3425, 4.98
3426, 4.23
3427, 4.39
3428, 5.28
3429, 5.25
3430, 4.26
3431, 4.98
3432, 4.98
3433, 5.27
3434, 4.90
3435, 4.22
3436, 4.96
3437, 4.98
3438, 4.98
3439, 4.98
3440, 5.01
3441, 4.44
3442, 4.98
3443, 4.90
3444, 5.26
3445, 4.93
3446, 5.28
3447, 5.24
3448, 4.22
3449, 4.93
3450, 4.98
3451, 5.25
3452, 4.99
3453, 4.39
3454, 4.98
3455, 5.30
3456, 4.99
3457, 5.01
3458, 4.96
3459, 4.96
3460, 4.24
3461, 5.20
3462, 4.94
3463, 4.99
3464, 5.20
3465, 5.20
3466, 4.44
3467, 5.27
3468, 4.98
3469, 4.54
3470, 5.02
3471, 4.27
3472, 4.23
3473, 4.44
3474, 4.37
3475, 4.96
3476, 4.27
3477, 4.52
3478, 4.98
3479, 4.27
3480, 4.27
3481, 4.96
3482, 5.26
3483, 4.27
3484, 4.98
3485, 4.99
3486, 4.27
3487, 5.25
3488, 4.39
3489, 5.30
3490, 5.24
3491, 4.39
3492, 5.00
3493, 4.35
3494, 4.26
3495, 4.39
3496, 5.27
3497, 4.96
3498, 5.24
3499, 5.20
3500, 5.24
3501, 4.25
3502, 5.25
3503, 4.96
3504, 5.20
3505, 4.27
3506, 4.98
3507, 4.23
3508, 4.24
3509, 4.27
3510, 4.94
3511, 5.24
3512, 5.20
3513, 4.22
3514, 4.22
3515, 5.20
3516, 5.30
3517, 4.98
3518, 5.01
3519, 4.21
3520, 4.27
3521, 4.44
3522, 5.27
3523, 4.96
3524, 4.22
3525, 5.27
3526, 4.24
3527, 4.40
3528, 5.30
3529, 4.96
3530, 4.44
3531, 4.98
3532, 4.41
3533, 4.23
3534, 4.24
3535, 4.25
3536, 5.21
3537, 4.21
3538, 4.96
3539, 5.20
3540, 5.25
3541, 4.98
3542, 5.22
3543, 4.23
3544, 4.98
3545, 4.39
3546, 4.94
3547, 4.96
3548, 5.28
3549, 5.20
3550, 4.99
3551, 4.97
3552, 5.25
3553, 5.24
3554, 4.96
3555, 4.41
3556, 5.28
3557, 4.99
3558, 5.28
3559, 4.96
3560, 4.98
3561, 5.01
3562, 5.20
3563, 5.02
3564, 5.04
3565, 5.27
3566, 5.27
3567, 4.96
3568, 5.20
3569, 4.98
3570, 4.94
3571, 4.39
3572, 5.02
3573, 4.39
3574, 5.26
3575, 5.01
3576, 5.31
3577, 4.98
3578, 5.25
3579, 4.99
3580, 4.23
3581, 5.25
3582, 4.94
3583, 5.25
3584, 4.24
3585, 5.29
3586, 4.96
3587, 5.22
3588, 4.64
3589, 4.25
3590, 4.92
3591, 5.24
3592, 4.44
3593, 4.27
3594, 4.95
3595, 5.27
3596, 4.98
3597, 5.22
3598, 5.24
3599, 4.94
3600, 4.98
3601, 5.21
3602, 5.20
3603, 4.98
3604, 5.25
3605, 5.31
3606, 5.24
3607, 4.99
3608, 5.25
3609, 4.23
3610, 5.20
3611, 4.93
3612, 4.27
3613, 4.99
3614, 5.25
3615, 5.27
3616, 4.98
3617, 4.24
3618, 4.94
3619, 5.20
3620, 4.97
3621, 5.04
3622, 4.44
3623, 5.26
3624, 4.96
3625, 4.99
3626, 4.39
3627, 5.26
3628, 5.21
3629, 5.24
3630, 4.44
3631, 4.96
3632, 5.25
3633, 5.01
3634, 4.96
3635, 4.22
3636, 4.24
3637, 4.98
3638, 4.26
3639, 4.38
3640, 4.96
3641, 4.44
3642, 4.40
3643, 4.98
3644, 5.30
3645, 4.92
3646, 4.96
3647, 4.41
3648, 4.41
3649, 4.41
3650, 4.96
3651, 5.28
3652, 4.49
3653, 5.30
3654, 5.24
3655, 5.01
3656, 4.99
3657, 5.30
3658, 5.26
3659, 4.44
3660, 5.27
3661, 5.27
3662, 4.94
3663, 4.24
3664, 4.40
3665, 5.20
3666, 5.29
3667, 4.44
3668, 4.96
3669, 4.44
3670, 4.99
3671, 4.44
3672, 5.25
3673, 4.98
3674, 4.96
3675, 5.25
3676, 4.99
3677, 4.96
3678, 4.41
3679, 5.20
3680, 4.44
3681, 4.39
3682, 4.99
3683, 4.99
3684, 4.94
3685, 4.25
3686, 5.25
3687, 5.25
3688, 4.39
3689, 5.27
3690, 5.04
3691, 5.20
3692, 4.96
3693, 4.98
3694, 5.27
3695, 5.20
3696, 4.44
3697, 4.27
3698, 4.39
3699, 5.20
3700, 5.29
3701, 4.97
3702, 4.98
3703, 5.29
3704, 5.24
3705, 5.30
3706, 4.24
3707, 4.27
3708, 4.96
3709, 4.97
3710, 4.98
3711, 4.25
3712, 4.96
3713, 4.25
3714, 4.98
3715, 4.96
3716, 4.96
3717, 4.98
3718, 5.22
3719, 4.96
3720, 4.96
3721, 5.01
3722, 4.38
3723, 4.98
3724, 5.02
3725, 4.39
3726, 5.01
3727, 5.01
3728, 4.25
3729, 4.94
3730, 4.98
3731, 5.24
3732, 4.41
3733, 5.25
3734, 5.30
3735, 4.96
3736, 4.25
3737, 4.27
3738, 4.96
3739, 4.44
3740, 5.25
3741, 4.99
3742, 4.92
3743, 5.25
3744, 4.44
3745, 5.26
3746, 4.96
3747, 4.96
3748, 4.38
3749, 5.28
3750, 4.41
3751, 4.96
3752, 4.41
3753, 4.38
3754, 5.27
3755, 5.26
3756, 5.25
3757, 4.24
3758, 5.01
3759, 5.25
3760, 5.20
3761, 5.24
3762, 5.27
3763, 4.96
3764, 5.21
3765, 4.27
3766, 4.94
3767, 4.98
3768, 5.25
3769, 5.27
3770, 4.24
3771, 4.22
3772, 4.22
3773, 4.94
3774, 4.44
3775, 4.27
3776, 4.98
3777, 5.28
3778, 5.25
3779, 4.27
3780, 4.54
3781, 5.23
3782, 4.24
3783, 4.27
3784, 4.98
3785, 4.44
3786, 5.27
3787, 4.41
3788, 5.24
3789, 5.28
3790, 5.28
3791, 4.96
3792, 4.97
3793, 4.25
3794, 5.22
3795, 4.96
3796, 4.24
3797, 4.27
3798, 5.30
3799, 5.24
3800, 5.29
3801, 5.22
3802, 5.25
3803, 4.98
3804, 4.27
3805, 5.24
3806, 4.99
3807, 4.23
3808, 4.44
3809, 4.27
3810, 5.27
3811, 4.27
3812, 5.27
3813, 4.25
3814, 4.27
3815, 5.01
3816, 5.22
3817, 5.20
3818, 5.23
3819, 4.98
3820, 4.94
3821, 4.44
3822, 5.25
3823, 4.44
3824, 4.96
3825, 5.02
3826, 5.25
3827, 5.27
3828, 5.27
3829, 4.94
3830, 5.20
3831, 4.27
3832, 4.99
3833, 4.98
3834, 4.39
3835, 4.98
3836, 4.98
3837, 4.93
3838, 4.99
3839, 5.20
3840, 4.95
3841, 4.99
3842, 4.40
3843, 5.33
3844, 5.20
3845, 4.99
3846, 5.25
3847, 4.44
3848, 4.26
3849, 5.24
3850, 4.26
3851, 5.24
3852, 4.40
3853, 4.94
3854, 5.28
3855, 5.30
3856, 4.23
3857, 4.98
3858, 5.26
3859, 4.27
3860, 4.22
3861, 4.96
3862, 5.20
3863, 4.97
3864, 5.04
3865, 4.96
3866, 5.25
3867, 4.27
3868, 5.00
3869, 4.94
3870, 4.96
3871, 5.25
3872, 4.99
3873, 5.27
3874, 5.25
3875, 5.26
3876, 5.31
3877, 5.31
3878, 4.99
3879, 4.96
3880, 4.25
3881, 5.25
3882, 4.96
3883, 4.97
3884, 4.96
3885, 4.96
3886, 5.20
3887, 5.01
3888, 4.27
3889, 5.25
3890, 4.27
3891, 4.25
3892, 4.98
3893, 5.30
3894, 5.26
3895, 4.41
3896, 4.97
3897, 4.44
3898, 4.25
3899, 5.24
3900, 5.25
3901, 4.27
3902, 4.94
3903, 5.22
3904, 5.30
3905, 4.24
3906, 5.28
3907, 4.44
3908, 4.98
3909, 4.27
3910, 5.24
3911, 4.92
3912, 4.97
3913, 4.93
3914, 4.24
3915, 4.44
3916, 5.20
3917, 4.96
3918, 4.40
3919, 5.25
3920, 4.39
3921, 4.96
3922, 4.44
3923, 4.98
3924, 4.95
3925, 4.96
3926, 5.24
3927, 4.32
3928, 5.26
3929, 4.98
3930, 4.92
3931, 5.25
3932, 4.97
3933, 5.20
3934, 4.96
3935, 5.22
3936, 4.27
3937, 5.22
3938, 4.96
3939, 5.26
3940, 5.29
3941, 4.26
3942, 5.02
3943, 4.98
3944, 4.98
3945, 5.28
3946, 4.96
3947, 4.94
3948, 4.98
3949, 5.27
3950, 4.25
3951, 4.52
3952, 4.98
3953, 4.43
3954, 4.49
3955, 5.20
3956, 4.51
3957, 5.26
3958, 5.25
3959, 4.98
3960, 5.03
3961, 4.27
3962, 4.96
3963, 4.23
3964, 5.01
3965, 4.99
3966, 5.25
3967, 4.23
3968, 4.22
3969, 4.26
3970, 4.23
3971, 4.96
3972, 4.96
3973, 4.44
3974, 4.22
3975, 4.96
3976, 4.40
3977, 5.24
3978, 4.98
3979, 4.43
3980, 5.21
3981, 5.25
3982, 5.25
3983, 4.98
3984, 4.44
3985, 4.98
3986, 4.96
3987, 5.22
3988, 5.01
3989, 4.98
3990, 4.37
3991, 4.98
3992, 5.25
3993, 5.27
3994, 5.28
3995, 4.92
3996, 5.20
3997, 4.26
3998, 4.27
3999, 5.25
4000, 4.24
4001, 5.23
4002, 4.39
4003, 4.98
4004, 4.64
4005, 4.27
4006, 5.20
4007, 4.44
4008, 4.96
4009, 5.25
4010, 4.97
4011, 5.29
4012, 5.21
4013, 5.25
4014, 5.20
4015, 4.44
4016, 5.20
4017, 5.02
4018, 4.27
4019, 4.96
4020, 4.27
4021, 4.34
4022, 5.20
4023, 4.96
4024, 5.23
4025, 5.25
4026, 4.27
4027, 4.41
4028, 5.20
4029, 5.26
4030, 4.96
4031, 5.22
4032, 4.94
4033, 5.24
4034, 5.26
4035, 4.96
4036, 4.27
4037, 5.29
4038, 4.38
4039, 4.95
4040, 4.25
4041, 5.26
4042, 5.28
4043, 5.27
4044, 4.23
4045, 5.22
4046, 4.98
4047, 4.99
4048, 5.25
4049, 5.25
4050, 5.24
4051, 4.98
4052, 4.25
4053, 5.20
4054, 4.33
4055, 4.98
4056, 4.27
4057, 5.25
4058, 5.01
4059, 4.41
4060, 4.44
4061, 5.22
4062, 5.26
4063, 5.20
4064, 4.98
4065, 4.27
4066, 4.98
4067, 4.24
4068, 5.27
4069, 4.96
4070, 5.20
4071, 5.27
4072, 4.96
4073, 4.96
4074, 4.44
4075, 4.27
4076, 4.43
4077, 4.93
4078, 5.27
4079, 4.27
4080, 5.25
4081, 4.24
4082, 5.25
4083, 4.44
4084, 4.27
4085, 4.41
4086, 4.99
4087, 4.95
4088, 5.21
4089, 5.25
4090, 4.98
4091, 4.99
4092, 5.26
4093, 5.25
4094, 4.27
4095, 5.27
4096, 4.27
4097, 5.28
4098, 5.30
4099, 4.90
4100, 5.27
4101, 5.22
4102, 4.27
4103, 5.20
4104, 5.01
4105, 5.25
4106, 4.38
4107, 5.28
4108, 5.27
4109, 5.05
4110, 4.96
4111, 4.97
4112, 4.98
4113, 5.25
4114, 4.99
4115, 4.34
4116, 5.26
4117, 4.40
4118, 4.94
4119, 4.39
4120, 4.40
4121, 4.44
4122, 4.94
4123, 5.22
4124, 4.93
4125, 4.27
4126, 5.21
4127, 4.98
4128, 4.96
4129, 4.96
4130, 4.41
4131, 4.96
4132, 4.28
4133, 5.01
4134, 5.28
4135, 4.98
4136, 4.94
4137, 4.44
4138, 4.40
4139, 4.98
4140, 5.25
4141, 5.26
4142, 5.26
4143, 5.25
4144, 4.96
4145, 4.24
4146, 5.27
4147, 4.96
4148, 4.99
4149, 4.99
4150, 4.93
4151, 4.44
4152, 4.41
4153, 5.20
4154, 4.41
4155, 4.96
4156, 4.92
4157, 4.44
4158, 4.27
4159, 5.25
4160, 4.98
4161, 4.99
4162, 5.20
4163, 4.98
4164, 5.25
4165, 5.01
4166, 5.24
4167, 5.20
4168, 4.98
4169, 4.93
4170, 4.22
4171, 4.93
4172, 4.96
4173, 5.28
4174, 5.20
4175, 4.98
4176, 4.96
4177, 5.01
4178, 4.22
4179, 4.96
4180, 4.40
4181, 4.96
4182, 4.43
4183, 4.96
4184, 4.25
4185, 5.24
4186, 5.25
4187, 5.24
4188, 5.27
4189, 5.25
4190, 4.96
4191, 4.27
4192, 4.27
4193, 4.96
4194, 5.27
4195, 4.27
4196, 4.44
4197, 4.38
4198, 4.98
4199, 5.25
4200, 4.94
4201, 5.25
4202, 4.22
4203, 4.34
4204, 4.27
4205, 4.98
4206, 5.25
4207, 5.29
4208, 4.23
4209, 5.22
4210, 5.26
4211, 4.44
4212, 4.96
4213, 4.98
4214, 4.99
4215, 5.29
4216, 5.27
4217, 5.22
4218, 4.22
4219, 4.99
4220, 5.28
4221, 4.22
4222, 5.25
4223, 4.96
4224, 5.25
4225, 5.24
4226, 4.99
4227, 4.96
4228, 4.22
4229, 4.44
4230, 4.41
4231, 4.39
4232, 4.98
4233, 4.96
4234, 5.25
4235, 4.96
4236, 5.27
4237, 5.20
4238, 4.52
4239, 4.98
4240, 5.28
4241, 4.41
4242, 5.27
4243, 5.24
4244, 4.40
4245, 5.25
4246, 5.01
4247, 5.26
4248, 4.23
4249, 4.22
4250, 5.20
4251, 4.27
4252, 5.27
4253, 5.25
4254, 5.28
4255, 4.41
4256, 4.24
4257, 4.96
4258, 4.96
4259, 4.22
4260, 5.00
4261, 5.30
4262, 5.28
4263, 5.26
4264, 4.96
4265, 4.41
4266, 4.98
4267, 4.23
4268, 5.26
4269, 5.25
4270, 4.27
4271, 4.96
4272, 5.20
4273, 4.27
4274, 4.40
4275, 5.25
4276, 4.41
4277, 5.22
4278, 5.20
4279, 5.26
4280, 4.94
4281, 5.25
4282, 5.27
4283, 4.22
4284, 4.96
4285, 5.30
4286, 4.25
4287, 4.25
4288, 4.25
4289, 4.33
4290, 5.25
4291, 4.96
4292, 4.22
4293, 4.98
4294, 4.27
4295, 4.41
4296, 4.27
4297, 4.22
4298, 5.01
4299, 4.52
4300, 5.25
4301, 4.44
4302, 4.98
4303, 4.44
4304, 4.96
4305, 4.98
4306, 4.96
4307, 4.44
4308, 5.22
4309, 5.22
4310, 4.41
4311, 5.24
4312, 4.92
4313, 5.27
4314, 4.44
4315, 4.27
4316, 4.22
4317, 4.99
4318, 4.94
4319, 4.99
4320, 4.96
4321, 4.98
4322, 4.27
4323, 5.26
4324, 4.32
4325, 5.25
4326, 4.99
4327, 4.96
4328, 5.22
4329, 4.96
4330, 4.90
4331, 4.98
4332, 5.01
4333, 5.01
4334, 4.94
4335, 4.44
4336, 4.27
4337, 5.01
4338, 5.20
4339, 5.27
4340, 5.01
4341, 4.39
4342, 4.22
4343, 5.20
4344, 4.39
4345, 4.44
4346, 4.96
4347, 5.21
4348, 5.21
4349, 4.40
4350, 5.20
4351, 4.96
4352, 5.22
4353, 4.98
4354, 5.24
4355, 4.40
4356, 4.96
4357, 4.22
4358, 5.20
4359, 4.94
4360, 5.20
4361, 5.25
4362, 4.39
4363, 4.98
4364, 5.25
4365, 5.24
4366, 5.28
4367, 5.01
4368, 4.96
4369, 4.22
4370, 4.96
4371, 5.26
4372, 4.41
4373, 5.22
4374, 4.41
4375, 5.20
4376, 4.94
4377, 4.41
4378, 5.22
4379, 4.98
4380, 4.98
4381, 4.27
4382, 4.98
4383, 4.98
4384, 4.37
4385, 4.94
4386, 5.28
4387, 4.41
4388, 5.01
4389, 5.25
4390, 4.99
4391, 5.20
4392, 4.94
4393, 4.99
4394, 5.01
4395, 4.96
4396, 4.40
4397, 5.28
4398, 4.96
4399, 4.53
4400, 5.27
4401, 5.25
4402, 4.22
4403, 5.22
4404, 4.99
4405, 4.94
4406, 4.92
4407, 5.29
4408, 5.26
4409, 5.30
4410, 4.22
4411, 4.21
4412, 5.22
4413, 5.20
4414, 5.20
4415, 4.99
4416, 4.27
4417, 4.41
4418, 5.27
4419, 4.94
4420, 4.96
4421, 5.01
4422, 4.94
4423, 4.96
4424, 4.96
4425, 4.22
4426, 5.21
4427, 4.25
4428, 5.01
4429, 4.27
4430, 4.96
4431, 5.28
4432, 5.24
4433, 5.27
4434, 4.96
4435, 4.44
4436, 4.39
4437, 5.25
4438, 4.37
4439, 5.01
4440, 4.96
4441, 4.97
4442, 5.24
4443, 4.94
4444, 5.20
4445, 4.98
4446, 5.25
4447, 4.98
4448, 4.44
4449, 5.26
4450, 5.28
4451, 5.26
4452, 4.37
4453, 4.21
4454, 4.27
4455, 4.92
4456, 5.25
4457, 5.24
4458, 5.27
4459, 4.22
4460, 4.96
4461, 5.25
4462, 5.20
4463, 5.20
4464, 5.26
4465, 5.20
4466, 4.96
4467, 4.96
4468, 5.25
4469, 4.98
4470, 4.96
4471, 5.02
4472, 4.97
4473, 4.98
4474, 5.02
4475, 4.24
4476, 4.98
4477, 5.25
4478, 5.01
4479, 4.39
4480, 4.27
4481, 4.39
4482, 5.25
4483, 5.25
4484, 4.27
4485, 5.20
4486, 4.41
4487, 4.40
4488, 4.44
4489, 5.26
4490, 5.26
4491, 4.27
4492, 5.27
4493, 4.24
4494, 4.98
4495, 5.26
4496, 4.38
4497, 4.96
4498, 4.98
4499, 4.98
4500, 5.20
4501, 4.99
4502, 5.27
4503, 5.26
4504, 4.96
4505, 5.20
4506, 4.98
4507, 4.25
4508, 4.96
4509, 5.24
4510, 4.43
4511, 4.97
4512, 4.27
4513, 4.27
4514, 5.01
4515, 4.96
4516, 4.24
4517, 4.44
4518, 5.25
4519, 5.28
4520, 4.94
4521, 4.98
4522, 4.93
4523, 5.27
4524, 4.25
4525, 4.99
4526, 4.99
4527, 5.27
4528, 4.52
4529, 4.44
4530, 5.24
4531, 5.25
4532, 4.38
4533, 4.94
4534, 5.27
4535, 4.44
4536, 4.44
4537, 4.98
4538, 4.96
4539, 4.99
4540, 4.96
4541, 4.27
4542, 5.20
4543, 4.41
4544, 4.98
4545, 4.96
4546, 5.24
4547, 5.24
4548, 4.44
4549, 5.25
4550, 4.41
4551, 4.98
4552, 5.20
4553, 5.27
4554, 4.44
4555, 5.25
4556, 4.41
4557, 4.96
4558, 4.39
4559, 5.25
4560, 5.24
4561, 4.37
4562, 4.25
4563, 4.99
4564, 4.96
4565, 5.25
4566, 4.23
4567, 4.40
4568, 5.29
4569, 4.96
4570, 4.98
4571, 5.25
4572, 4.53
4573, 4.27
4574, 4.97
4575, 5.24
4576, 5.27
4577, 4.96
4578, 5.22
4579, 5.25
4580, 5.27
4581, 5.01
4582, 5.01
4583, 4.24
4584, 5.25
4585, 4.96
4586, 5.26
4587, 4.96
4588, 5.27
4589, 4.24
4590, 4.99
4591, 4.93
4592, 4.96
4593, 5.25
4594, 4.26
4595, 4.96
4596, 5.25
4597, 4.96
4598, 4.41
4599, 4.96
4600, 5.27
4601, 5.29
4602, 4.21
4603, 4.39
4604, 4.27
4605, 5.25
4606, 5.25
4607, 5.27
4608, 5.20
4609, 4.94
4610, 4.96
4611, 4.39
4612, 4.27
4613, 5.26
4614, 4.39
4615, 4.98
4616, 4.40
4617, 5.27
4618, 5.27
4619, 5.22
4620, 4.41
4621, 4.27
4622, 5.27
4623, 4.98
4624, 4.96
4625, 4.44
4626, 5.27
4627, 5.20
4628, 5.20
4629, 5.01
4630, 4.27
4631, 4.96
4632, 5.24
4633, 5.25
4634, 4.37
4635, 5.28
4636, 5.29
4637, 4.99
4638, 4.49
4639, 4.96
4640, 4.98
4641, 4.95
4642, 4.99
4643, 4.23
4644, 4.96
4645, 4.99
4646, 4.96
4647, 5.27
4648, 4.26
4649, 4.44
4650, 5.30
4651, 4.25
4652, 5.28
4653, 4.94
4654, 4.35
4655, 4.98
4656, 5.33
4657, 5.20
4658, 4.96
4659, 4.99
4660, 4.96
4661, 4.27
4662, 5.24
4663, 4.96
4664, 4.98
4665, 4.95
4666, 4.22
4667, 5.26
4668, 4.96
4669, 4.40
4670, 4.44
4671, 4.27
4672, 5.01
4673, 4.99
4674, 4.96
4675, 5.24
4676, 4.96
4677, 4.27
4678, 5.20
4679, 4.98
4680, 4.93
4681, 5.27
4682, 5.27
4683, 5.26
4684, 5.26
4685, 5.27
4686, 5.27
4687, 5.25
4688, 5.20
4689, 4.27
4690, 4.98
4691, 5.26
4692, 4.27
4693, 4.41
4694, 5.20
4695, 4.96
4696, 4.96
4697, 4.97
4698, 5.22
4699, 4.27
4700, 5.24
4701, 5.27
4702, 4.96
4703, 4.44
4704, 4.98
4705, 4.94
4706, 5.20
4707, 5.28
4708, 4.97
4709, 5.00
4710, 4.96
4711, 4.24
4712, 4.96
4713, 4.38
4714, 5.24
4715, 5.25
4716, 5.24
4717, 4.26
4718, 5.01
4719, 5.02
4720, 4.44
4721, 4.45
4722, 5.25
4723, 4.43
4724, 4.27
4725, 4.98
4726, 4.92
4727, 4.98
4728, 4.26
4729, 5.24
4730, 4.25
4731, 4.93
4732, 4.93
4733, 5.30
4734, 4.44
4735, 4.94
4736, 5.31
4737, 4.94
4738, 4.41
4739, 4.34
4740, 4.96
4741, 4.96
4742, 4.94
4743, 5.01
4744, 4.39
4745, 5.28
4746, 5.25
4747, 5.25
4748, 4.96
4749, 5.27
4750, 4.96
4751, 4.25
4752, 4.95
4753, 4.96
4754, 4.44
4755, 4.98
4756, 5.24
4757, 4.44
4758, 5.01
4759, 5.27
4760, 4.39
4761, 4.94
4762, 5.26
4763, 5.20
4764, 5.22
4765, 5.31
4766, 5.20
4767, 4.27
4768, 4.24
4769, 4.22
4770, 4.98
4771, 4.97
4772, 5.25
4773, 4.39
4774, 4.41
4775, 4.96
4776, 4.27
4777, 5.28
4778, 5.25
4779, 4.96
4780, 4.97
4781, 5.00
4782, 5.24
4783, 5.27
4784, 4.99
4785, 5.01
4786, 5.02
4787, 4.96
4788, 4.98
4789, 4.27
4790, 4.27
4791, 4.39
4792, 4.94
4793, 4.96
4794, 5.02
4795, 4.96
4796, 4.95
4797, 4.22
4798, 5.25
4799, 4.40
4800, 4.96
4801, 4.22
4802, 5.27
4803, 4.96
4804, 4.94
4805, 4.98
4806, 4.96
4807, 4.94
4808, 4.96
4809, 5.31
4810, 4.39
4811, 4.97
4812, 4.96
4813, 4.90
4814, 5.20
4815, 4.98
4816, 4.99
4817, 5.20
4818, 4.96
4819, 4.98
4820, 5.01
4821, 4.99
4822, 4.98
4823, 4.99
4824, 4.22
4825, 5.27
4826, 4.23
4827, 4.96
4828, 5.25
4829, 5.27
4830, 4.41
4831, 4.98
4832, 5.20
4833, 4.97
4834, 5.20
4835, 4.98
4836, 5.01
4837, 5.20
4838, 4.40
4839, 5.20
4840, 4.96
4841, 4.27
4842, 5.23
4843, 4.22
4844, 4.39
4845, 4.34
4846, 4.98
4847, 5.27
4848, 4.98
4849, 5.25
4850, 4.21
4851, 4.98
4852, 4.99
4853, 4.44
4854, 5.24
4855, 4.39
4856, 5.22
4857, 4.41
4858, 5.25
4859, 4.96
4860, 4.27
4861, 4.98
4862, 4.24
4863, 4.92
4864, 5.26
4865, 4.99
4866, 5.01
4867, 4.27
4868, 4.99
4869, 4.94
4870, 4.44
4871, 4.98
4872, 4.44
4873, 5.28
4874, 4.39
4875, 4.44
4876, 4.41
4877, 5.27
4878, 5.26
4879, 4.96
4880, 5.26
4881, 5.24
4882, 5.01
4883, 5.29
4884, 5.26
4885, 4.91
4886, 4.41
4887, 4.44
4888, 5.27
4889, 4.22
4890, 5.20
4891, 4.40
4892, 4.99
4893, 5.27
4894, 5.20
4895, 4.27
4896, 5.20
4897, 4.39
4898, 5.20
4899, 4.97
4900, 4.54
4901, 5.25
4902, 4.22
4903, 5.22
4904, 4.96
4905, 5.26
4906, 5.24
4907, 5.25
4908, 4.99
4909, 4.41
4910, 4.93
4911, 4.22
4912, 4.96
4913, 5.28
4914, 4.27
4915, 5.01
4916, 4.96
4917, 5.28
4918, 5.26
4919, 5.21
4920, 4.90
4921, 4.39
4922, 5.27
4923, 4.98
4924, 4.98
4925, 5.24
4926, 4.99
4927, 5.27
4928, 5.20
4929, 5.26
4930, 5.27
4931, 4.96
4932, 4.96
4933, 4.93
4934, 4.58
4935, 4.94
4936, 4.94
4937, 5.20
4938, 5.25
4939, 4.98
4940, 4.44
4941, 4.26
4942, 4.39
4943, 4.98
4944, 5.01
4945, 4.96
4946, 4.98
4947, 4.32
4948, 4.98
4949, 5.25
4950, 4.39
4951, 5.25
4952, 4.24
4953, 4.96
4954, 5.01
4955, 4.27
4956, 4.24
4957, 4.96
4958, 4.27
4959, 4.40
4960, 4.41
4961, 5.01
4962, 4.43
4963, 4.92
4964, 4.96
4965, 5.25
4966, 5.28
4967, 5.24
4968, 4.22
4969, 4.98
4970, 4.95
4971, 4.44
4972, 4.96
4973, 4.96
4974, 4.41
4975, 5.20
4976, 4.40
4977, 5.28
4978, 4.92
4979, 4.96
4980, 4.39
4981, 5.27
4982, 4.98
4983, 4.44
4984, 4.27
4985, 5.25
4986, 5.20
4987, 4.24
4988, 5.27
4989, 4.96
4990, 5.27
4991, 5.01
4992, 4.99
4993, 4.94
4994, 4.27
4995, 5.20
4996, 4.96
4997, 5.20
4998, 5.28
4999, 4.96
5000, 4.98
5001, 5.01
5002, 4.96
5003, 4.44
5004, 5.29
5005, 4.39
5006, 4.64
5007, 5.28
5008, 5.28
5009, 4.98
5010, 4.21
5011, 5.20
5012, 4.96
5013, 4.94
5014, 5.01
5015, 4.99
5016, 4.96
5017, 4.25
5018, 5.30
5019, 4.27
5020, 4.98
5021, 5.20
5022, 4.96
5023, 5.30
5024, 4.96
5025, 4.39
5026, 4.39
5027, 4.96
5028, 5.27
5029, 5.02
5030, 4.97
5031, 4.96
5032, 4.27
5033, 5.25
5034, 4.98
5035, 4.98
5036, 4.27
5037, 4.99
5038, 4.27
5039, 5.25
5040, 4.22
5041, 5.25
5042, 4.93
5043, 5.20
5044, 4.27
5045, 4.99
5046, 5.24
5047, 4.44
5048, 4.49
5049, 5.24
5050, 4.96
5051, 5.25
5052, 4.39
5053, 4.97
5054, 5.24
5055, 4.39
5056, 4.96
5057, 4.99
5058, 5.24
5059, 5.30
5060, 5.27
5061, 4.91
5062, 4.23
5063, 5.25
5064, 4.22
5065, 5.20
5066, 4.94
5067, 4.44
5068, 5.22
5069, 4.96
5070, 4.25
5071, 4.27
5072, 5.25
5073, 5.01
5074, 4.96
5075, 5.25
5076, 4.96
5077, 4.24
5078, 5.27
5079, 5.30
5080, 4.24
5081, 5.20
5082, 5.25
5083, 4.92
5084, 4.95
5085, 4.99
5086, 4.93
5087, 4.96
5088, 5.24
5089, 5.26
5090, 4.96
5091, 4.98
5092, 4.39
5093, 4.96
5094, 4.96
5095, 5.28
5096, 4.92
5097, 5.25
5098, 5.20
5099, 5.25
5100, 4.96
5101, 4.24
5102, 5.29
5103, 4.96
5104, 5.27
5105, 4.22
5106, 4.96
5107, 4.24
5108, 4.94
5109, 4.98
5110, 4.99
5111, 4.92
5112, 4.99
5113, 5.01
5114, 5.25
5115, 4.94
5116, 4.91
5117, 4.96
5118, 4.52
5119, 4.42
5120, 5.22
5121, 4.44
5122, 5.21
5123, 4.22
5124, 4.94
5125, 5.30
5126, 4.96
5127, 4.99
5128, 4.96
5129, 4.27
5130, 4.39
5131, 4.98
5132, 5.25
5133, 5.28
5134, 5.20
5135, 4.44
5136, 4.94
5137, 4.41
5138, 4.27
5139, 5.28
5140, 5.01
5141, 5.27
5142, 5.30
5143, 4.99
5144, 5.30
5145, 4.41
5146, 5.28
5147, 4.96
5148, 4.39
5149, 4.96
5150, 4.44
5151, 4.22
5152, 5.20
5153, 4.27
5154, 5.29
5155, 4.25
5156, 5.01
5157, 5.26
5158, 5.24
5159, 5.22
5160, 4.99
5161, 4.39
5162, 4.44
5163, 4.99
5164, 4.23
5165, 4.94
5166, 4.96
5167, 5.28
5168, 4.40
5169, 5.26
5170, 5.25
5171, 4.98
5172, 4.96
5173, 4.96
5174, 4.54
5175, 5.30
5176, 5.26
5177, 4.22
5178, 5.24
5179, 4.41
5180, 4.96
5181, 5.01
5182, 5.20
5183, 5.25
5184, 4.98
5185, 4.96
5186, 4.96
5187, 5.26
5188, 5.24
5189, 4.92
5190, 4.23
5191, 4.98
5192, 4.22
5193, 5.25
5194, 4.44
5195, 4.96
5196, 4.28
5197, 4.99
5198, 4.26
5199, 4.23
5200, 5.27
5201, 5.20
5202, 5.02
5203, 5.25
5204, 5.24
5205, 5.24
5206, 4.42
5207, 4.98
5208, 4.27
5209, 4.39
5210, 4.27
5211, 4.39
5212, 4.95
5213, 5.29
5214, 4.96
5215, 4.93
5216, 5.22
5217, 4.38
5218, 5.20
5219, 5.25
5220, 5.25
5221, 5.30
5222, 5.27
5223, 4.98
5224, 5.26
5225, 5.22
5226, 5.24
5227, 4.99
5228, 4.96
5229, 5.20
5230, 4.94
5231, 4.25
5232, 5.26
5233, 4.96
5234, 4.99
5235, 5.27
5236, 4.27
5237, 4.44
5238, 5.20
5239, 4.27
5240, 4.40
5241, 5.22
5242, 5.20
5243, 4.41
5244, 4.98
5245, 5.26
5246, 4.98
5247, 4.98
5248, 4.96
5249, 4.41
5250, 4.97
5251, 4.23
5252, 5.25
5253, 4.99
5254, 5.20
5255, 4.96
5256, 4.41
5257, 4.99
5258, 5.25
5259, 4.41
5260, 4.43
5261, 4.98
5262, 4.27
5263, 5.25
5264, 5.25
5265, 4.98
5266, 4.21
5267, 4.96
5268, 4.98
5269, 4.44
5270, 4.96
5271, 4.96
5272, 5.01
5273, 4.41
5274, 4.94
5275, 5.25
5276, 4.96
5277, 4.38
5278, 5.27
5279, 4.27
5280, 4.96
5281, 5.27
5282, 4.23
5283, 4.96
5284, 4.96
5285, 4.39
5286, 4.99
5287, 4.41
5288, 4.98
5289, 5.26
5290, 4.94
5291, 5.30
5292, 4.42
5293, 5.25
5294, 4.99
5295, 4.99
5296, 5.02
5297, 4.25
5298, 4.98
5299, 5.27
5300, 5.28
5301, 4.96
5302, 5.20
5303, 4.98
5304, 4.44
5305, 5.24
5306, 4.97
5307, 5.20
5308, 5.29
5309, 4.41
5310, 4.32
5311, 5.25
5312, 4.94
5313, 4.24
5314, 4.93
5315, 4.98
5316, 5.25
5317, 5.20
5318, 4.22
5319, 4.98
5320, 5.28
5321, 4.96
5322, 4.41
5323, 4.90
5324, 4.41
5325, 4.43
5326, 4.90
5327, 5.20
5328, 4.22
5329, 5.20
5330, 5.26
5331, 5.25
5332, 5.20
5333, 4.22
5334, 4.25
5335, 5.25
5336, 4.41
5337, 4.44
5338, 4.92
5339, 5.27
5340, 4.98
5341, 4.27
5342, 4.44
5343, 4.96
5344, 4.33
5345, 4.54
5346, 4.93
5347, 4.23
5348, 5.25
5349, 5.24
5350, 5.20
5351, 5.26
5352, 4.27
5353, 4.94
5354, 5.20
5355, 5.29
5356, 4.98
5357, 4.22
5358, 4.39
5359, 5.26
5360, 4.90
5361, 5.25
5362, 4.40
5363, 4.96
5364, 5.20
5365, 4.24
5366, 4.40
5367, 4.98
5368, 4.97
5369, 4.27
5370, 4.96
5371, 5.24
5372, 5.22
5373, 4.96
5374, 4.95
5375, 5.26
5376, 5.29
5377, 5.26
5378, 5.01
5379, 4.98
5380, 4.49
5381, 4.95
5382, 4.44
5383, 4.25
5384, 5.25
5385, 4.96
5386, 5.27
5387, 5.21
5388, 5.20
5389, 4.96
5390, 4.94
5391, 4.24
5392, 4.96
5393, 5.01
5394, 4.23
5395, 4.93
5396, 4.98
5397, 5.24
5398, 4.43
5399, 5.20
5400, 4.96
5401, 5.01
5402, 5.20
5403, 5.28
5404, 4.96
5405, 4.96
5406, 5.24
5407, 4.96
5408, 5.28
5409, 5.25
5410, 4.98
5411, 5.20
5412, 5.01
5413, 5.27
5414, 4.93
5415, 4.27
5416, 4.27
5417, 5.21
5418, 4.98
5419, 5.26
5420, 5.25
5421, 5.25
5422, 5.25
5423, 4.98
5424, 5.26
5425, 4.27
5426, 4.24
5427, 4.96
5428, 5.25
5429, 4.39
5430, 5.25
5431, 4.27
5432, 5.26
5433, 5.28
5434, 5.27
5435, 4.96
5436, 4.24
5437, 4.41
5438, 5.20
5439, 5.20
5440, 5.20
5441, 4.96
5442, 4.41
5443, 4.96
5444, 5.27
5445, 5.25
5446, 5.27
5447, 4.24
5448, 4.27
5449, 4.27
5450, 4.99
5451, 5.30
5452, 4.96
5453, 5.02
5454, 4.42
5455, 5.30
5456, 4.41
5457, 4.98
5458, 4.98
5459, 5.26
5460, 4.96
5461, 4.98
5462, 5.27
5463, 4.54
5464, 4.22
5465, 4.52
5466, 4.98
5467, 5.25
5468, 4.27
5469, 5.20
5470, 4.92
5471, 5.26
5472, 5.01
5473, 4.50
5474, 4.41
5475, 4.96
5476, 4.97
5477, 4.39
5478, 4.27
5479, 4.99
5480, 4.98
5481, 4.44
5482, 4.98
5483, 4.97
5484, 5.28
5485, 5.20
5486, 4.39
5487, 5.26
5488, 4.99
5489, 5.24
5490, 5.27
5491, 4.94
5492, 5.02
5493, 5.24
5494, 4.98
5495, 5.25
5496, 5.26
5497, 4.98
5498, 5.24
5499, 4.98
5500, 5.01
5501, 4.96
5502, 4.96
5503, 4.94
5504, 5.24
5505, 4.22
5506, 4.22
5507, 4.96
5508, 4.94
5509, 4.96
5510, 5.20
5511, 4.96
5512, 4.96
5513, 4.35
5514, 5.01
5515, 4.96
5516, 4.27
5517, 5.24
5518, 5.27
5519, 4.94
5520, 5.02
5521, 5.25
5522, 4.94
5523, 5.25
5524, 4.98
5525, 4.94
5526, 4.26
5527, 5.21
5528, 4.99
5529, 4.25
5530, 5.01
5531, 5.20
5532, 4.96
5533, 4.27
5534, 4.22
5535, 4.96
5536, 4.27
5537, 4.44
5538, 4.98
5539, 4.92
5540, 5.20
5541, 5.20
5542, 4.39
5543, 5.30
5544, 4.98
5545, 5.30
5546, 4.23
5547, 4.96
5548, 4.96
5549, 4.93
5550, 4.96
5551, 4.97
5552, 4.21
5553, 5.27
5554, 5.27
5555, 5.28
5556, 5.24
5557, 4.93
5558, 4.41
5559, 4.93
5560, 4.54
5561, 4.99
5562, 4.41
5563, 4.41
5564, 4.37
5565, 4.98
5566, 5.02
5567, 5.20
5568, 4.98
5569, 4.94
5570, 4.98
5571, 4.98
5572, 5.26
5573, 5.27
5574, 5.28
5575, 5.20
5576, 5.01
5577, 5.02
5578, 4.98
5579, 4.91
5580, 4.41
5581, 4.44
5582, 4.21
5583, 4.96
5584, 4.39
5585, 4.25
5586, 4.27
5587, 4.96
5588, 4.25
5589, 5.25
5590, 4.22
5591, 4.39
5592, 4.96
5593, 5.25
5594, 5.27
5595, 4.39
5596, 4.96
5597, 5.21
5598, 4.24
5599, 4.96
5600, 4.27
5601, 4.96
5602, 4.27
5603, 5.25
5604, 5.26
5605, 5.24
5606, 5.02
5607, 5.22
5608, 5.02
5609, 4.39
5610, 4.94
5611, 5.25
5612, 4.23
5613, 4.98
5614, 4.27
5615, 4.99
5616, 4.99
5617, 4.98
5618, 4.27
5619, 4.40
5620, 4.91
5621, 4.96
5622, 5.20
5623, 4.25
5624, 5.25
5625, 4.93
5626, 4.98
5627, 5.25
5628, 4.98
5629, 5.20
5630, 4.96
5631, 4.44
5632, 4.23
5633, 5.27
5634, 4.22
5635, 5.27
5636, 5.20
5637, 5.02
5638, 4.96
5639, 4.96
5640, 4.96
5641, 5.28
5642, 4.24
5643, 4.27
5644, 5.26
5645, 4.96
5646, 4.99
5647, 5.26
5648, 5.20
5649, 4.94
5650, 4.27
5651, 5.25
5652, 5.24
5653, 5.01
5654, 5.02
5655, 4.39
5656, 4.94
5657, 4.96
5658, 4.98
5659, 5.24
5660, 5.01
5661, 5.29
5662, 4.99
5663, 4.96
5664, 4.98
5665, 5.20
5666, 4.24
5667, 5.22
5668, 4.38
5669, 4.25
5670, 5.24
5671, 4.39
5672, 4.98
5673, 5.20
5674, 4.96
5675, 4.98
5676, 4.98
5677, 4.94
5678, 5.25
5679, 4.41
5680, 5.20
5681, 5.27
5682, 5.28
5683, 4.96
5684, 4.96
5685, 4.44
5686, 4.96
5687, 5.22
5688, 5.01
5689, 4.94
5690, 5.02
5691, 4.96
5692, 5.28
5693, 4.96
5694, 5.27
5695, 5.22
5696, 4.96
5697, 4.27
5698, 5.25
5699, 5.25
5700, 5.20
5701, 4.98
5702, 5.22
5703, 5.27
5704, 5.26
5705, 5.01
5706, 4.95
5707, 5.20
5708, 5.28
5709, 5.22
5710, 5.04
5711, 4.96
5712, 4.41
5713, 4.98
5714, 4.44
5715, 4.44
5716, 4.96
5717, 5.25
5718, 4.96
5719, 5.01
5720, 4.25
5721, 4.94
5722, 5.25
5723, 5.25
5724, 4.96
5725, 4.94
5726, 4.94
5727, 4.98
5728, 4.99
5729, 5.20
5730, 4.41
5731, 4.94
5732, 4.96
5733, 5.01
5734, 4.27
5735, 4.92
5736, 5.30
5737, 4.27
5738, 4.25
5739, 4.93
5740, 5.27
5741, 4.25
5742, 5.28
5743, 4.24
5744, 5.27
5745, 5.03
5746, 4.99
5747, 5.25
5748, 5.20
5749, 5.27
5750, 4.96
5751, 5.24
5752, 4.44
5753, 4.94
5754, 4.44
5755, 4.40
5756, 5.29
5757, 4.44
5758, 4.27
5759, 4.99
5760, 5.20
5761, 4.39
5762, 4.44
5763, 5.24
5764, 5.30
5765, 4.41
5766, 5.25
5767, 5.22
5768, 5.23
5769, 4.98
5770, 4.94
5771, 5.20
5772, 4.44
5773, 4.27
5774, 4.27
5775, 5.28
5776, 4.96
5777, 4.27
5778, 4.99
5779, 4.39
5780, 4.22
5781, 4.94
5782, 4.52
5783, 4.52
5784, 4.21
5785, 5.25
5786, 4.98
5787, 4.37
5788, 4.24
5789, 5.04
5790, 5.27
5791, 5.01
5792, 5.25
5793, 4.27
5794, 5.20
5795, 4.96
5796, 4.98
5797, 4.99
5798, 4.22
5799, 5.24
5800, 5.22
5801, 4.98
5802, 4.27
5803, 5.20
5804, 4.27
5805, 4.98
5806, 5.24
5807, 4.44
5808, 4.99
5809, 5.20
5810, 5.25
5811, 4.37
5812, 5.20
5813, 4.40
5814, 4.27
5815, 5.20
5816, 4.96
5817, 5.28
5818, 4.98
5819, 4.92
5820, 4.27
5821, 4.96
5822, 5.24
5823, 4.96
5824, 5.25
5825, 4.44
5826, 4.96
5827, 4.43
5828, 4.97
5829, 4.44
5830, 5.25
5831, 5.24
5832, 5.28
5833, 4.38
5834, 4.94
5835, 5.02
5836, 5.22
5837, 4.27
5838, 4.44
5839, 4.98
5840, 5.27
5841, 5.24
5842, 4.27
5843, 5.30
5844, 4.27
5845, 4.98
5846, 4.43
5847, 4.98
5848, 4.39
5849, 5.21
5850, 5.20
5851, 4.97
5852, 4.96
5853, 4.44
5854, 5.20
5855, 4.25
5856, 4.39
5857, 5.26
5858, 5.28
5859, 4.43
5860, 5.28
5861, 5.02
5862, 5.25
5863, 4.41
5864, 4.98
5865, 4.27
5866, 4.44
5867, 4.96
5868, 4.96
5869, 5.25
5870, 5.24
5871, 4.22
5872, 5.30
5873, 4.96
5874, 4.38
5875, 5.24
5876, 4.98
5877, 5.01
5878, 5.24
5879, 4.41
5880, 4.27
5881, 4.99
5882, 5.22
5883, 5.30
5884, 4.99
5885, 4.96
5886, 4.98
5887, 5.24
5888, 5.20
5889, 5.20
5890, 5.27
5891, 5.22
5892, 4.27
5893, 4.43
5894, 5.28
5895, 4.39
5896, 4.41
5897, 4.64
5898, 4.39
5899, 4.96
5900, 4.27
5901, 4.96
5902, 4.25
5903, 4.24
5904, 5.24
5905, 5.29
5906, 4.96
5907, 4.96
5908, 4.43
5909, 4.96
5910, 4.98
5911, 5.20
5912, 4.44
5913, 5.27
5914, 5.28
5915, 4.91
5916, 4.24
5917, 5.22
5918, 5.25
5919, 4.99
5920, 4.22
5921, 4.24
5922, 4.96
5923, 5.26
5924, 5.24
5925, 4.94
5926, 4.39
5927, 5.01
5928, 5.25
5929, 5.25
5930, 5.26
5931, 4.98
5932, 5.28
5933, 4.98
5934, 5.28
5935, 5.20
5936, 5.20
5937, 4.37
5938, 4.41
5939, 5.22
5940, 5.04
5941, 5.26
5942, 5.20
5943, 5.25
5944, 5.22
5945, 4.97
5946, 5.28
5947, 4.96
5948, 4.43
5949, 4.99
5950, 5.29
5951, 4.94
5952, 4.27
5953, 4.99
5954, 5.24
5955, 4.94
5956, 5.28
5957, 4.96
5958, 4.94
5959, 4.98
5960, 4.96
5961, 4.21
5962, 5.25
5963, 5.30
5964, 4.99
5965, 4.24
5966, 4.98
5967, 4.98
5968, 5.25
5969, 5.20
5970, 4.24
5971, 5.27
5972, 5.26
5973, 4.95
5974, 4.94
5975, 5.25
5976, 4.99
5977, 4.99
5978, 4.39
5979, 5.24
5980, 4.27
5981, 5.20
5982, 4.44
5983, 4.39
5984, 5.20
5985, 4.39
5986, 4.44
5987, 4.96
5988, 4.98
5989, 4.40
5990, 5.27
5991, 4.96
5992, 4.44
5993, 4.44
5994, 5.25
5995, 4.98
5996, 5.24
5997, 5.25
5998, 4.40
5999, 4.44
6000, 5.27
6001, 5.25
6002, 5.01
6003, 4.96
6004, 4.94
6005, 5.20
6006, 4.98
6007, 4.44
6008, 4.27
6009, 4.39
6010, 4.44
6011, 5.25
6012, 4.96
6013, 5.27
6014, 4.96
6015, 4.93
6016, 4.96
6017, 4.98
6018, 4.27
6019, 5.27
6020, 5.25
6021, 5.20
6022, 5.20
6023, 4.39
6024, 5.26
6025, 4.34
6026, 4.99
6027, 5.27
6028, 4.54
6029, 4.98
6030, 5.28
6031, 4.92
6032, 5.27
6033, 5.25
6034, 4.96
6035, 4.26
6036, 4.96
6037, 4.97
6038, 4.40
6039, 5.28
6040, 5.25
6041, 5.20
6042, 4.49
6043, 4.27
6044, 4.37
6045, 5.02
6046, 4.99
6047, 5.27
6048, 4.24
6049, 5.28
6050, 4.98
6051, 4.96
6052, 4.40
6053, 4.96
6054, 4.96
6055, 4.44
6056, 5.22
6057, 4.27
6058, 4.99
6059, 4.37
6060, 5.20
6061, 4.41
6062, 4.94
6063, 4.44
6064, 4.44
6065, 4.97
6066, 4.98
6067, 4.95
6068, 4.44
6069, 4.97
6070, 5.28
6071, 4.98
6072, 5.28
6073, 5.27
6074, 4.41
6075, 4.96
6076, 5.20
6077, 4.27
6078, 4.38
6079, 5.01
6080, 5.27
6081, 4.39
6082, 4.44
6083, 4.98
6084, 4.97
6085, 5.31
6086, 5.25
6087, 4.99
6088, 4.22
6089, 4.96
6090, 4.24
6091, 4.24
6092, 4.99
6093, 4.93
6094, 4.94
6095, 5.23
6096, 5.26
6097, 5.25
6098, 5.22
6099, 4.97
6100, 5.25
6101, 4.27
6102, 4.95
6103, 4.96
6104, 4.98
6105, 5.26
6106, 4.44
6107, 5.27
6108, 4.41
6109, 5.24
6110, 5.20
6111, 4.44
6112, 5.27
6113, 4.94
6114, 4.27
6115, 4.26
6116, 5.25
6117, 4.44
6118, 4.27
6119, 4.28
6120, 5.24
6121, 5.27
6122, 5.22
6123, 5.22
6124, 4.22
6125, 4.94
6126, 4.96
6127, 5.28
6128, 4.40
6129, 4.98
6130, 4.97
6131, 4.99
6132, 4.99
6133, 4.41
6134, 5.21
6135, 5.25
6136, 5.28
6137, 4.44
6138, 4.96
6139, 4.96
6140, 4.22
6141, 5.27
6142, 5.27
6143, 4.92
6144, 4.41
6145, 5.01
6146, 4.70
6147, 4.39
6148, 4.22
6149, 4.24
6150, 4.28
6151, 4.24
6152, 4.97
6153, 4.98
6154, 4.98
6155, 5.02
6156, 5.20
6157, 4.98
6158, 4.39
6159, 5.20
6160, 4.27
6161, 5.22
6162, 4.44
6163, 5.25
6164, 5.25
6165, 4.44
6166, 4.22
6167, 4.94
6168, 4.35
6169, 4.44
6170, 4.27
6171, 5.29
6172, 4.27
6173, 4.43
6174, 5.24
6175, 5.26
6176, 4.22
6177, 5.25
6178, 4.98
6179, 4.99
6180, 4.27
6181, 5.22
6182, 4.98
6183, 5.27
6184, 4.92
6185, 4.24
6186, 4.41
6187, 4.22
6188, 5.28
6189, 5.30
6190, 4.39
6191, 5.24
6192, 5.25
6193, 4.96
6194, 5.26
6195, 5.25
6196, 4.27
6197, 4.96
6198, 5.25
6199, 4.27
6200, 4.38
6201, 5.25
6202, 4.92
6203, 5.26
6204, 4.96
6205, 5.26
6206, 5.26
6207, 5.28
6208, 5.28
6209, 5.01
6210, 4.22
6211, 4.27
6212, 4.96
6213, 5.20
6214, 4.41
6215, 4.91
6216, 5.24
6217, 5.25
6218, 5.20
6219, 5.27
6220, 4.96
6221, 4.96
6222, 4.92
6223, 5.01
6224, 4.23
6225, 4.96
6226, 5.20
6227, 4.39
6228, 4.98
6229, 5.27
6230, 5.26
6231, 5.25
6232, 5.22
6233, 4.97
6234, 4.96
6235, 5.25
6236, 4.96
6237, 4.22
6238, 4.22
6239, 4.44
6240, 4.96
6241, 4.96
6242, 4.41
6243, 5.24
6244, 5.25
6245, 5.25
6246, 5.30
6247, 5.20
6248, 4.96
6249, 4.26
6250, 5.27
6251, 4.25
6252, 5.24
6253, 5.20
6254, 4.98
6255, 4.27
6256, 4.97
6257, 5.20
6258, 4.96
6259, 5.28
6260, 4.96
6261, 4.39
6262, 5.25
6263, 4.27
6264, 4.99
6265, 5.22
6266, 5.26
6267, 5.22
6268, 4.98
6269, 4.90
6270, 5.21
6271, 5.27
6272, 5.24
6273, 4.99
6274, 4.96
6275, 4.44
6276, 4.27
6277, 4.41
6278, 5.20
6279, 4.96
6280, 5.29
6281, 5.20
6282, 5.25
6283, 5.20
6284, 5.22
6285, 4.98
6286, 5.27
6287, 4.27
6288, 5.25
6289, 5.28
6290, 5.01
6291, 5.25
6292, 4.43
6293, 4.93
6294, 5.20
6295, 4.98
6296, 4.98
6297, 4.96
6298, 5.20
6299, 4.96
6300, 5.26
6301, 4.93
6302, 5.24
6303, 5.20
6304, 4.98
6305, 4.21
6306, 4.43
6307, 4.23
6308, 4.96
6309, 5.27
6310, 4.99
6311, 5.27
6312, 4.99
6313, 4.22
6314, 5.21
6315, 5.24
6316, 4.95
6317, 4.24
6318, 5.28
6319, 5.25
6320, 5.27
6321, 4.96
6322, 4.27
6323, 4.92
6324, 4.98
6325, 5.01
6326, 5.22
6327, 5.25
6328, 5.30
6329, 4.41
6330, 5.25
6331, 5.02
6332, 4.44
6333, 4.96
6334, 4.39
6335, 5.00
6336, 4.39
6337, 4.21
6338, 4.98
6339, 4.52
6340, 4.99
6341, 4.37
6342, 4.40
6343, 4.92
6344, 5.01
6345, 4.96
6346, 4.99
6347, 4.40
6348, 4.96
6349, 4.96
6350, 4.91
6351, 4.22
6352, 4.96
6353, 4.98
6354, 4.21
6355, 4.44
6356, 5.20
6357, 5.26
6358, 4.90
6359, 4.96
6360, 5.29
6361, 5.22
6362, 4.44
6363, 4.98
6364, 5.20
6365, 4.27
6366, 5.20
6367, 5.20
6368, 5.02
6369, 5.27
6370, 5.01
6371, 4.99
6372, 5.20
6373, 4.24
6374, 5.25
6375, 4.98
6376, 5.26
6377, 4.22
6378, 4.98
6379, 4.22
6380, 4.41
6381, 4.27
6382, 4.97
6383, 4.27
6384, 4.40
6385, 5.00
6386, 4.96
6387, 4.37
6388, 5.20
6389, 5.27
6390, 5.24
6391, 4.96
6392, 4.95
6393, 4.39
6394, 4.27
6395, 4.99
6396, 4.96
6397, 5.27
6398, 4.94
6399, 4.24
6400, 5.24
6401, 5.28
6402, 5.22
6403, 5.22
6404, 5.27
6405, 5.25
6406, 4.23
6407, 4.98
6408, 4.96
6409, 4.38
6410, 4.44
6411, 4.22
6412, 4.96
6413, 4.22
6414, 5.25
6415, 5.25
6416, 4.94
6417, 4.93
6418, 4.96
6419, 4.96
6420, 4.64
6421, 5.28
6422, 5.20
6423, 5.20
6424, 5.27
6425, 5.20
6426, 4.95
6427, 4.22
6428, 4.37
6429, 4.37
6430, 5.30
6431, 5.02
6432, 5.22
6433, 5.20
6434, 4.23
6435, 4.43
6436, 5.22
6437, 4.98
6438, 4.39
6439, 4.96
6440, 4.98
6441, 4.39
6442, 5.28
6443, 5.27
6444, 5.20
6445, 4.44
6446, 4.96
6447, 4.41
6448, 5.01
6449, 4.23
6450, 4.99
6451, 5.25
6452, 4.96
6453, 4.41
6454, 5.20
6455, 5.25
6456, 4.94
6457, 5.28
6458, 4.94
6459, 4.39
6460, 5.20
6461, 4.44
6462, 4.44
6463, 4.96
6464, 4.41
6465, 4.99
6466, 4.94
6467, 5.02
6468, 5.22
6469, 5.25
6470, 4.92
6471, 5.28
6472, 4.27
6473, 5.20
6474, 4.96
6475, 4.44
6476, 5.01
6477, 4.44
6478, 5.20
6479, 4.23
6480, 4.90
6481, 4.98
6482, 4.97
6483, 5.28
6484, 4.44
6485, 4.97
6486, 4.99
6487, 5.28
6488, 5.29
6489, 5.20
6490, 4.27
6491, 4.26
6492, 4.99
6493, 4.94
6494, 5.25
6495, 5.25
6496, 4.44
6497, 4.27
6498, 4.98
6499, 5.28
6500, 5.28
6501, 4.39
6502, 4.24
6503, 4.95
6504, 5.22
6505, 4.94
6506, 4.94
6507, 4.23
6508, 4.96
6509, 5.27
6510, 5.24
6511, 5.30
6512, 4.98
6513, 4.96
6514, 4.99
6515, 4.39
6516, 4.50
6517, 4.97
6518, 5.22
6519, 4.96
6520, 5.27
6521, 4.44
6522, 5.24
6523, 4.22
6524, 4.94
6525, 5.24
6526, 4.41
6527, 4.38
6528, 5.34
6529, 4.27
6530, 4.97
6531, 4.22
6532, 5.20
6533, 4.39
6534, 5.24
6535, 4.99
6536, 4.98
6537, 4.26
6538, 5.28
6539, 5.25
6540, 5.25
6541, 4.27
6542, 4.37
6543, 5.01
6544, 4.96
6545, 5.27
6546, 5.24
6547, 5.25
6548, 5.28
6549, 4.98
6550, 5.22
6551, 4.27
6552, 5.20
6553, 4.40
6554, 4.96
6555, 5.24
6556, 4.96
6557, 4.44
6558, 4.44
6559, 4.26
6560, 5.27
6561, 4.41
6562, 4.96
6563, 4.96
6564, 4.22
6565, 4.36
6566, 5.20
6567, 4.96
6568, 5.28
6569, 5.22
6570, 5.25
6571, 4.98
6572, 4.96
6573, 4.96
6574, 4.98
6575, 5.20
6576, 5.02
6577, 4.44
6578, 4.96
6579, 5.20
6580, 4.23
6581, 4.24
6582, 4.34
6583, 4.38
6584, 4.99
6585, 5.22
6586, 5.22
6587, 4.99
6588, 5.28
6589, 5.20
6590, 5.21
6591, 4.96
6592, 5.30
6593, 5.21
6594, 5.25
6595, 5.25
6596, 4.22
6597, 4.44
6598, 5.27
6599, 4.98
6600, 5.25
6601, 4.95
6602, 5.20
6603, 4.54
6604, 4.44
6605, 5.20
6606, 4.44
6607, 4.27
6608, 4.96
6609, 4.96
6610, 5.01
6611, 5.22
6612, 5.20
6613, 4.40
6614, 4.39
6615, 4.44
6616, 5.02
6617, 5.01
6618, 4.26
6619, 5.22
6620, 4.53
6621, 5.22
6622, 5.29
6623, 4.29
6624, 4.26
6625, 4.37
6626, 4.41
6627, 5.30
6628, 4.94
6629, 5.23
6630, 5.27
6631, 4.22
6632, 4.40
6633, 5.20
6634, 4.44
6635, 4.97
6636, 4.95
6637, 5.27
6638, 5.25
6639, 5.29
6640, 5.24
6641, 4.98
6642, 4.27
6643, 5.20
6644, 4.44
6645, 4.96
6646, 5.20
6647, 5.24
6648, 5.01
6649, 4.99
6650, 5.22
6651, 5.25
6652, 4.22
6653, 4.44
6654, 4.44
6655, 5.25
6656, 4.63
6657, 4.93
6658, 4.27
6659, 4.40
6660, 4.96
6661, 5.24
6662, 4.27
6663, 5.24
6664, 5.25
6665, 4.22
6666, 4.22
6667, 5.25
6668, 4.27
6669, 4.96
6670, 4.44
6671, 4.98
6672, 4.96
6673, 5.04
6674, 4.52
6675, 4.99
6676, 5.28
6677, 5.25
6678, 4.40
6679, 4.96
6680, 5.27
6681, 4.64
6682, 4.54
6683, 4.96
6684, 4.98
6685, 5.25
6686, 4.98
6687, 4.40
6688, 5.28
6689, 5.33
6690, 4.44
6691, 5.28
6692, 5.26
6693, 5.25
6694, 4.99
6695, 5.20
6696, 5.01
6697, 4.93
6698, 4.96
6699, 5.25
6700, 4.41
6701, 5.26
6702, 5.30
6703, 5.01
6704, 4.25
6705, 5.22
6706, 4.44
6707, 4.44
6708, 4.27
6709, 4.94
6710, 5.22
6711, 5.22
6712, 4.44
6713, 4.24
6714, 4.96
6715, 4.41
6716, 4.96
6717, 4.96
6718, 4.24
6719, 4.97
6720, 5.20
6721, 4.27
6722, 4.22
6723, 4.98
6724, 4.41
6725, 4.43
6726, 4.96
6727, 4.44
6728, 5.01
6729, 4.98
6730, 4.96
6731, 4.96
6732, 4.98
6733, 4.96
6734, 4.96
6735, 4.39
6736, 4.96
6737, 4.97
6738, 4.24
6739, 4.27
6740, 4.27
6741, 5.27
6742, 4.98
6743, 4.99
6744, 4.96
6745, 4.97
6746, 4.26
6747, 4.27
6748, 4.96
6749, 5.29
6750, 4.96
6751, 5.04
6752, 4.39
6753, 4.27
6754, 4.38
6755, 5.02
6756, 4.39
6757, 4.96
6758, 4.96
6759, 4.98
6760, 4.27
6761, 4.98
6762, 5.26
6763, 4.41
6764, 4.92
6765, 5.26
6766, 5.28
6767, 4.49
6768, 4.93
6769, 4.21
6770, 4.98
6771, 5.26
6772, 5.25
6773, 5.02
6774, 4.63
6775, 4.37
6776, 4.22
6777, 5.28
6778, 4.26
6779, 4.44
6780, 4.27
6781, 5.26
6782, 5.20
6783, 5.28
6784, 5.27
6785, 5.20
6786, 5.25
6787, 4.27
6788, 5.25
6789, 4.96
6790, 4.24
6791, 4.39
6792, 5.01
6793, 4.92
6794, 4.92
6795, 5.25
6796, 4.98
6797, 4.96
6798, 5.29
6799, 5.22
6800, 5.02
6801, 5.01
6802, 4.23
6803, 4.44
6804, 5.02
6805, 4.96
6806, 4.39
6807, 4.27
6808, 5.25
6809, 4.99
6810, 5.22
6811, 5.24
6812, 4.24
6813, 4.39
6814, 4.96
6815, 5.22
6816, 5.27
6817, 4.93
6818, 4.43
6819, 4.44
6820, 4.52
6821, 4.96
6822, 4.92
6823, 5.25
6824, 5.25
6825, 4.96
6826, 5.24
6827, 5.20
6828, 4.44
6829, 4.98
6830, 5.20
6831, 4.98
6832, 5.20
6833, 5.26
6834, 5.25
6835, 4.96
6836, 4.98
6837, 5.02
6838, 4.98
6839, 4.44
6840, 4.98
6841, 4.94
6842, 4.96
6843, 4.64
6844, 4.96
6845, 5.27
6846, 4.96
6847, 4.98
6848, 4.96
6849, 4.96
6850, 4.96
6851, 5.29
6852, 4.27
6853, 4.44
6854, 4.22
6855, 4.96
6856, 5.24
6857, 4.24
6858, 5.25
6859, 4.44
6860, 4.38
6861, 4.98
6862, 4.98
6863, 4.39
6864, 4.96
6865, 4.99
6866, 4.96
6867, 5.20
6868, 4.27
6869, 4.24
6870, 4.25
6871, 4.99
6872, 4.41
6873, 4.99
6874, 4.44
6875, 4.44
6876, 4.54
6877, 5.21
6878, 5.27
6879, 4.96
6880, 4.96
6881, 5.28
6882, 5.24
6883, 4.24
6884, 4.22
6885, 5.22
6886, 5.24
6887, 4.96
6888, 4.44
6889, 5.27
6890, 5.30
6891, 4.25
6892, 5.01
6893, 4.41
6894, 5.30
6895, 4.98
6896, 5.24
6897, 5.30
6898, 4.27
6899, 5.25
6900, 5.01
6901, 4.44
6902, 4.40
6903, 5.20
6904, 4.98
6905, 4.25
6906, 4.99
6907, 4.90
6908, 4.23
6909, 4.98
6910, 5.24
6911, 4.99
6912, 5.26
6913, 4.98
6914, 5.26
6915, 4.98
6916, 4.96
6917, 4.94
6918, 4.98
6919, 5.25
6920, 4.41
6921, 5.28
6922, 4.22
6923, 5.22
6924, 4.96
6925, 5.21
6926, 4.23
6927, 5.20
6928, 4.38
6929, 5.20
6930, 4.96
6931, 5.01
6932, 5.01
6933, 5.27
6934, 5.25
6935, 4.22
6936, 5.01
6937, 4.24
6938, 4.44
6939, 5.22
6940, 5.26
6941, 4.93
6942, 4.99
6943, 4.96
6944, 4.96
6945, 4.25
6946, 4.44
6947, 5.28
6948, 5.20
6949, 4.98
6950, 5.25
6951, 5.29
6952, 5.25
6953, 5.24
6954, 4.93
6955, 4.40
6956, 5.04
6957, 5.25
6958, 4.99
6959, 4.98
6960, 5.20
6961, 5.27
6962, 5.22
6963, 4.96
6964, 5.26
6965, 5.01
6966, 5.20
6967, 4.24
6968, 4.96
6969, 5.26
6970, 5.30
6971, 4.96
6972, 4.39
6973, 4.22
6974, 5.26
6975, 5.30
6976, 4.96
6977, 5.22
6978, 4.96
6979, 4.92
6980, 4.27
6981, 4.99
6982, 4.96
6983, 5.27
6984, 5.24
6985, 5.02
6986, 4.39
6987, 4.37
6988, 4.22
6989, 4.39
6990, 4.27
6991, 5.24
6992, 4.97
6993, 4.93
6994, 4.39
6995, 4.96
6996, 4.41
6997, 5.30
6998, 4.22
6999, 4.98
7000, 4.94
7001, 5.29
7002, 4.41
7003, 5.20
7004, 4.98
7005, 5.25
7006, 5.25
7007, 5.25
7008, 4.96
7009, 4.93
7010, 4.52
7011, 4.27
7012, 5.30
7013, 5.02
7014, 4.34
7015, 4.22
7016, 4.96
7017, 4.39
7018, 5.27
7019, 4.97
7020, 4.41
7021, 4.98
7022, 5.22
7023, 5.20
7024, 5.28
7025, 5.27
7026, 4.23
7027, 5.20
7028, 4.96
7029, 4.94
7030, 4.44
7031, 4.39
7032, 5.25
7033, 5.24
7034, 5.27
7035, 5.01
7036, 5.28
7037, 5.20
7038, 4.44
7039, 4.96
7040, 4.96
7041, 4.96
7042, 4.98
7043, 4.90
7044, 5.20
7045, 5.30
7046, 4.94
7047, 5.21
7048, 4.44
7049, 4.96
7050, 4.41
7051, 5.01
7052, 4.41
7053, 5.25
7054, 4.39
7055, 4.96
7056, 5.25
7057, 5.22
7058, 4.94
7059, 5.20
7060, 4.41
7061, 5.22
7062, 4.39
7063, 4.94
7064, 5.25
7065, 5.29
7066, 5.20
7067, 4.96
7068, 4.27
7069, 5.25
7070, 4.98
7071, 4.27
7072, 5.01
7073, 4.98
7074, 4.96
7075, 4.99
7076, 4.96
7077, 5.22
7078, 4.50
7079, 4.97
7080, 5.26
7081, 4.41
7082, 5.02
7083, 5.30
7084, 5.25
7085, 5.21
7086, 4.41
7087, 4.96
7088, 5.25
7089, 4.39
7090, 5.24
7091, 4.96
7092, 4.96
7093, 4.98
7094, 4.99
7095, 5.22
7096, 5.24
7097, 4.96
7098, 5.20
7099, 4.43
7100, 4.37
7101, 4.96
7102, 5.25
7103, 5.22
7104, 4.21
7105, 4.44
7106, 5.27
7107, 4.97
7108, 5.25
7109, 4.27
7110, 5.22
7111, 4.96
7112, 5.25
7113, 4.54
7114, 5.25
7115, 4.27
7116, 4.96
7117, 4.98
7118, 5.28
7119, 4.39
7120, 4.27
7121, 4.90
7122, 5.22
7123, 4.98
7124, 4.27
7125, 5.20
7126, 4.94
7127, 5.24
7128, 5.20
7129, 4.27
7130, 5.27
7131, 4.39
7132, 4.43
7133, 4.99
7134, 5.22
7135, 4.27
7136, 4.39
7137, 5.20
7138, 4.39
7139, 4.22
7140, 4.98
7141, 5.21
7142, 4.98
7143, 5.24
7144, 5.28
7145, 5.01
7146, 4.22
7147, 4.26
7148, 4.24
7149, 4.95
7150, 4.44
7151, 4.40
7152, 5.02
7153, 4.27
7154, 4.22
7155, 5.29
7156, 5.01
7157, 5.20
7158, 4.25
7159, 4.40
7160, 4.38
7161, 5.20
7162, 5.20
7163, 4.98
7164, 5.24
7165, 4.22
7166, 4.98
7167, 4.96
7168, 4.44
7169, 5.20
7170, 4.44
7171, 4.92
7172, 5.28
7173, 4.21
7174, 4.96
7175, 4.34
7176, 4.96
7177, 4.93
7178, 4.40
7179, 4.96
7180, 5.01
7181, 4.96
7182, 4.41
7183, 4.98
7184, 5.01
7185, 4.22
7186, 5.20
7187, 4.94
7188, 4.92
7189, 4.98
7190, 4.25
7191, 4.25
7192, 5.01
7193, 5.25
7194, 4.96
7195, 5.25
7196, 4.44
7197, 5.20
7198, 4.98
7199, 4.99
7200, 5.01
7201, 4.97
7202, 4.94
7203, 5.23
7204, 5.27
7205, 4.97
7206, 5.27
7207, 4.97
7208, 4.44
7209, 4.96
7210, 4.97
7211, 4.96
7212, 5.21
7213, 5.25
7214, 4.22
7215, 5.22
7216, 4.98
7217, 4.98
7218, 4.27
7219, 4.64
7220, 4.98
7221, 4.44
7222, 4.98
7223, 4.99
7224, 5.27
7225, 4.96
7226, 5.25
7227, 4.26
7228, 5.26
7229, 4.40
7230, 4.41
7231, 4.39
7232, 4.96
7233, 5.25
7234, 5.26
7235, 5.22
7236, 4.44
7237, 4.98
7238, 4.44
7239, 4.43
7240, 4.44
7241, 4.27
7242, 5.25
7243, 4.45
7244, 4.44
7245, 4.96
7246, 5.27
7247, 4.98
7248, 4.44
7249, 5.28
7250, 4.39
7251, 4.44
7252, 4.22
7253, 4.96
7254, 4.39
7255, 4.96
7256, 4.96
7257, 5.22
7258, 5.29
7259, 5.25
7260, 5.24
7261, 5.21
7262, 4.44
7263, 5.25
7264, 4.27
7265, 5.25
7266, 5.21
7267, 4.96
7268, 4.39
7269, 5.30
7270, 4.98
7271, 4.96
7272, 5.20
7273, 4.22
7274, 5.26
7275, 4.98
7276, 4.98
7277, 4.27
7278, 4.40
7279, 4.96
7280, 5.28
7281, 4.94
7282, 5.28
7283, 4.96
7284, 5.26
7285, 4.96
7286, 5.25
7287, 4.99
7288, 4.27
7289, 4.96
7290, 5.25
7291, 4.27
7292, 4.41
7293, 4.96
7294, 4.92
7295, 5.02
7296, 5.29
7297, 4.44
7298, 5.00
7299, 4.37
7300, 5.24
7301, 4.96
7302, 4.24
7303, 4.44
7304, 5.20
7305, 5.03
7306, 4.27
7307, 4.96
7308, 5.02
7309, 5.27
7310, 5.30
7311, 4.38
7312, 5.28
7313, 4.98
7314, 4.44
7315, 4.96
7316, 4.96
7317, 4.22
7318, 5.01
7319, 5.26
7320, 4.99
7321, 4.44
7322, 5.27
7323, 4.27
7324, 5.27
7325, 4.44
7326, 4.98
7327, 4.97
7328, 5.21
7329, 5.25
7330, 5.25
7331, 4.27
7332, 5.26
7333, 4.22
7334, 4.41
7335, 4.96
7336, 4.94
7337, 4.96
7338, 4.99
7339, 4.27
7340, 4.96
7341, 4.96
7342, 5.02
7343, 5.27
7344, 4.96
7345, 4.99
7346, 4.39
7347, 5.24
7348, 4.96
7349, 4.96
7350, 4.41
7351, 4.22
7352, 5.28
7353, 4.96
7354, 5.30
7355, 5.26
7356, 4.98
7357, 5.25
7358, 5.30
7359, 4.98
7360, 4.25
7361, 4.96
7362, 5.27
7363, 4.44
7364, 4.92
7365, 4.24
7366, 4.44
7367, 4.98
7368, 5.25
7369, 5.27
7370, 5.25
7371, 5.20
7372, 4.41
7373, 5.27
7374, 4.96
7375, 4.44
7376, 5.27
7377, 5.22
7378, 4.41
7379, 4.96
7380, 4.39
7381, 5.25
7382, 4.96
7383, 4.64
7384, 5.01
7385, 5.20
7386, 4.98
7387, 4.94
7388, 5.27
7389, 4.98
7390, 4.41
7391, 4.44
7392, 4.96
7393, 4.44
7394, 4.98
7395, 5.26
7396, 4.38
7397, 4.44
7398, 4.27
7399, 4.98
7400, 4.96
7401, 4.98
7402, 4.51
7403, 4.27
7404, 5.24
7405, 4.24
7406, 5.01
7407, 4.44
7408, 4.99
7409, 5.20
7410, 5.20
7411, 4.98
7412, 4.27
7413, 4.96
7414, 4.98
7415, 4.22
7416, 5.02
7417, 5.26
7418, 5.25
7419, 5.25
7420, 5.01
7421, 5.22
